"X1","X2","X3","X4","X5","X6","X7","X8","X9","X10","group"
0.936984517462925,0.461814189349883,-0.464624927370134,-0.988086993507036,0.450059633419671,-0.672442817424657,2.25907151111479,-1.68650843834565,-0.131077159547127,-0.454840730251367,"1"
-0.816556640076423,0.137545757101504,-0.70333502207076,-0.653234570202199,0.20733386938076,0.912952043214444,-0.602601790853369,0.806950332897858,0.763394892877946,0.246764686351376,"1"
1.26700499233212,-0.702155544138895,1.31003346345104,0.582640121673849,0.221530766666898,1.44407412326935,0.274571539647445,1.1143978875399,-1.94681321514727,-0.856867976926677,"1"
-0.272514043521062,0.0761534623429539,-1.4176943409707,-0.471373158941028,-0.487299774062019,0.625981809386841,0.467565386381658,-0.508104181221422,-1.45348378323672,-0.0427333465039906,"1"
0.408880243583891,0.451854028544229,0.0296701851205415,-0.898616720941933,-0.23363868811023,1.16083589248371,-0.0211987013346408,-0.547994161624753,1.39465530860162,-1.35249142513819,"1"
-0.536852167907737,0.855282605778426,1.84263900815049,-0.859870350166201,0.624609689115704,0.223694757423424,0.520834516616205,-0.656998969071877,-0.381354045025132,1.26885764648955,"1"
-0.258683701849067,1.12636825031727,-0.602272055893202,0.103743570625297,-0.323285967098814,-0.927591628994564,-0.225734305621949,0.426799438581449,0.850519121364048,0.363049443137186,"1"
0.500155066692646,0.3653558709901,0.476835728083758,1.85679756510884,-0.916666405726316,-0.872158931131035,1.07742517696093,-1.23351448300216,-1.09363831167017,-0.0704723144752984,"1"
-0.942095555633041,0.798569979751999,-0.0863881508902664,-1.61490814951634,-2.73767448936987,-0.508286015746429,0.575530388785637,0.420855344723065,-0.560479747062052,1.05197647622285,"1"
0.739193804019312,-0.155271203990172,0.467988572394054,0.240215238006798,0.581465565570046,-0.241595462758234,1.37747256966509,0.742594803512222,-0.220424430911142,0.111502394947299,"1"
0.0870963907343826,-0.253231929924229,-2.19322620743977,-1.75432972776413,-0.738960779765634,-0.543275725916904,-2.26318459131624,-0.67465053220724,-0.402300832012866,-0.508214939844239,"1"
1.00687929190213,0.250968402695281,0.652616979053336,0.958631785369891,0.972354199921731,0.266609786203002,0.171055758207909,0.937510182910412,1.50943543342304,-0.851738110879662,"1"
0.618624594451644,0.271790718528444,-1.33441802394908,-0.496766240098152,0.71913919231251,-1.88084681083817,-0.114594961705157,1.21780399123764,0.532042102114574,1.05934126145433,"1"
-0.12047400653262,-2.66443477058267,-1.89662611395732,-1.16498489113291,-1.0418402608764,-0.657369985700525,0.536975441161111,-0.108690176169258,-0.96278269703661,0.60298099036223,"1"
0.526880111441098,1.33153888594577,0.895229640862515,-0.495286624281881,0.605966215605539,-1.64409579431898,-0.375850411117916,1.36378722145389,0.298754079272926,0.686716272946696,"1"
2.55588643878792,-0.600616498467182,-1.71405847916672,0.857914494457082,0.312392295398863,-0.212834671494658,-1.32918698546158,0.755249806338058,-0.749855299925384,1.90421522661167,"1"
0.00940489978058849,0.375692480975131,0.809597623297123,-2.49460837424327,-0.730274980350966,-0.375129105241303,-0.431504736253647,-0.878717205045482,-1.46707202516773,2.22013872426647,"1"
-1.44867494260717,-1.9753465123672,-0.167770834199528,1.53030578558682,0.0711505053422786,1.70631934380016,-0.258138213531427,-0.262314537095185,-0.219861192716486,-1.072724529571,"1"
-0.161073264856049,0.866972789244979,1.00232514446466,1.02473215065503,1.22917895514003,0.440542788587693,1.01510187914898,1.00654076235715,-0.678926955097866,-1.33599510102255,"1"
-0.747012259959101,-0.542959980614602,0.337647556952982,-0.434962686281118,-0.0480583626163076,-0.132616065457495,-1.09305902069029,-0.682250166049419,0.799112615902997,-1.56270872049916,"1"
0.506607452406857,-1.19107784999903,0.0624719756237134,-0.656571655177418,0.897153649218001,-1.70018104941557,0.037453539283627,0.150460202286532,1.85964632044883,-1.6805025942126,"1"
-0.192787486469364,0.357787691559392,0.730277151958085,-1.41536841224906,1.24698397346261,-0.138815329212246,-0.478980430846233,-1.26502397225688,-1.90512632043272,-1.93931838982877,"1"
1.82475960106332,0.490087415167086,-0.887559647379719,-1.15387355155794,-1.00521485176313,-0.907460073492985,0.231184325809769,0.520951250530113,-0.317461983928932,-0.110412274609657,"1"
-0.204314892870531,-0.579037349494323,-0.851780644614262,0.814108105966359,-1.21823626967107,-0.374190576814092,0.942712100177782,-1.05417645567656,-4.01102816369813,-0.158873673517731,"1"
-1.51790075395402,-1.25443174112517,0.233803065536985,-1.18287919454311,0.27908925949143,-0.436720141175429,0.0884090680046452,0.743254733181189,1.14310873296313,0.0900307669346889,"1"
1.76941772344213,0.800055583181829,-0.776381955892635,0.274019562641102,-0.108690762558373,0.447099745810948,0.135183720726219,-1.98690040901272,0.311604287125624,0.620507684438539,"1"
-1.31495293314995,0.351069184873599,0.451978998362648,0.752747087682987,1.04286929464786,-1.01703497367877,1.00237669773992,0.0325395682450156,-0.607030538895855,-0.620938114882324,"1"
-1.46081252223313,-0.497839369476027,0.989142855665094,1.10807382493561,0.959405653748973,-0.149461409426052,-2.19043264879342,0.342292995961982,-0.893199310331271,0.426804601942068,"1"
0.11211512077854,1.35397301201986,0.170761367771071,0.65919154530389,2.03874304960652,-1.38801380721134,1.86072483414943,0.734057777067255,0.358322290116127,-0.371033286617817,"1"
1.40293655375169,-0.258151365882389,2.16126717443009,0.935919274124828,1.68081899861607,-0.411595144921207,-1.24126977851948,0.437981076567471,-1.01377430932431,1.79914487307612,"1"
0.438081393536366,-0.265443200328049,-0.163481217251582,0.254199697033942,-0.76205926124366,1.80751142748178,-0.173785689021987,-0.0301186099179935,1.04518686171707,0.0253823642315672,"1"
2.38776076108543,0.272404275200847,-1.31010537551211,1.70870588720817,0.402745445906221,-0.53730844640453,-0.126812657930859,0.392285760414422,-0.312898562777983,1.27821858034264,"1"
0.933875650474981,-0.17324343453021,-0.498836594742892,0.680497019552204,-1.51698621914691,-0.772045850455234,0.215934053228852,-0.99104552678263,-0.961803571169366,0.0653841094035483,"1"
-1.30894873663777,1.17043037646531,-1.54913542379501,-0.134436049818582,-1.36081963981189,1.49518403772686,0.93251475700585,2.58407484818941,-0.0642713817673117,-1.31761934449811,"1"
-1.13743845214172,-1.30066278743739,1.38746729562947,-1.14961508239292,0.999495752557994,0.825555827517259,-0.343824465078821,-0.0274089057191824,0.667942914260854,-0.0670075786576951,"1"
0.594235632847649,-0.409658518031722,-0.179571506344705,-0.370749022033782,1.8272639653454,0.697488857332954,-0.693263024814826,-0.342799490839284,0.874973044018069,1.59393105013026,"1"
-0.12081794972312,-0.947063176592936,-0.697618293010107,0.246926535889863,-0.65309300592936,0.155898953875103,-0.630795180150303,0.624595279754001,-1.17960393852579,-0.706013620578794,"1"
0.536570954952394,-0.88688760778856,1.11121695870628,-0.829363716632148,-0.143034728765508,-0.0728666698480813,1.24961860315661,-0.157162355953084,-1.66312369402574,0.303871256653376,"1"
-0.647338571540539,-0.65520667958381,0.660434806928653,-0.517473607485699,3.05986401267307,0.0177600160428957,0.318057934100653,0.287958189992994,0.314273733130788,-0.687874258858279,"1"
1.11623261389613,-0.125260538636707,-0.844913742664025,-0.993432742364936,-0.319856793803287,-0.587187663699351,-0.601730945225722,-0.360119939803196,0.707353677876231,1.87112520340458,"1"
-0.191395276590832,0.624738469929209,-1.59966144562179,-0.0878813036475491,-0.204806614452086,2.07607623385865,0.111239682530155,-0.835419504267488,1.18228188380332,0.192636138636544,"1"
0.0704818044036315,-0.859352640672076,-1.44559068467876,1.36613497005185,1.10935883407151,0.480971346324744,-0.0279269440124772,-2.22826307729455,-0.178579119456773,-0.806211713757166,"1"
-1.46670518086342,1.39909168036033,-0.584539335133607,-0.644125220157552,-1.02373830938849,-0.103971495987196,0.854427629997053,-0.556424220163404,-0.568716853619596,0.713655477654159,"1"
0.927995188162639,-0.949991800119878,-0.318112007662781,-0.294702082016262,-0.231743825260889,0.397280285791133,0.358569532144738,0.758438845441777,0.907927436707704,-1.84956592480598,"1"
-0.786050256689965,-0.794371209902496,0.4915364685996,1.9261362278028,1.07107458063233,0.809610100309495,-0.568100315321236,1.08526689156438,1.8846320392563,-2.74888162324215,"1"
2.52267494163294,-1.61997028637978,-0.0354871768546754,-0.986518246291907,1.93814705072988,-0.326357805084826,0.487250311765677,0.983413250425501,-0.520007227605263,-0.77922759883529,"1"
0.465827207618186,-0.864330814773672,-2.35092722935644,1.21610853631382,-0.163340503772608,1.64872603969295,-0.0360103459005867,0.277783777492596,-0.637203985555468,-0.403561766563768,"1"
-0.276748557051192,-0.470074489869836,-0.7046522135368,-0.214736068249494,1.04746148743638,1.27742408446164,-0.488627180799772,-0.157672615676544,-0.244494054892434,0.288947261863595,"1"
-1.49118220314456,0.334576073556309,-0.930592633068241,-1.39620616855108,0.167843244475733,1.37367980010304,-1.23731931224701,-0.0693075076699436,-0.00458705952939054,-0.606621111385358,"1"
-2.68730045997714,-1.94456936743679,-1.47102295302604,0.327890184049609,1.28085799091005,0.854646369933406,0.428545316450104,-0.430346548338952,-0.745011086260608,0.997172815023283,"1"
-0.959476974047861,-1.42489769226813,0.309772584214715,-0.177670679066931,-0.80087471714018,0.016620541082905,2.03076432971192,1.03852696309199,-0.903250499227472,0.520869842853573,"1"
-1.81468756958018,-0.320589110979891,-1.501768461228,0.278052447759486,-0.31911867971471,1.34511264503183,-0.925284591006144,0.730946441399946,-1.05240354188251,0.575348870290009,"1"
-1.20679725737942,-0.797607142882962,0.6440018834729,0.542688295030605,-0.39778262075179,-0.582832099084386,-0.306248230909406,-0.917664847031253,-0.454031281183559,0.427359699297639,"1"
0.885253345968725,0.168980725515048,-0.188189676186197,-1.37810558941239,-1.04598731659321,-0.240271752816813,0.237659203361821,-0.490560973454571,1.53973660868733,-0.782407917434232,"1"
-2.55262645015326,-1.08282013894176,-0.589387295410317,-0.680314460661927,0.234736243033669,-0.230181659857326,0.112662227679001,0.999358048734769,0.726016006439241,0.104598861949481,"1"
1.93979346737648,1.33325123216782,-0.0958719086284052,-0.828557065059133,1.03887571110871,-0.377684637634003,0.329982225275916,0.425155969175909,3.07831933926728,0.478344117114242,"1"
-0.0383034400881175,0.0842677151032798,-0.795590849851858,0.29549047330059,-1.12797874400521,0.909002560854738,-0.362992797172008,-0.670612783979886,-3.73347745986649,-0.0815870908188031,"1"
0.509779742350066,-1.05066413023037,-1.79438926742914,-0.270517068471982,-0.445883513362576,-0.655603238827143,0.884897959294951,-1.02240288547362,0.336115613416369,-1.24640931435066,"1"
1.37337107402356,0.130341769471535,-1.19250685245378,-1.21093919019772,0.0819597734784015,1.86756098498096,1.55609931102184,-0.607518142383988,-2.81373489576327,-0.516422931177894,"1"
0.37809198525066,-1.647470686587,0.406853762989959,-2.0796255532241,0.6638626157415,0.694957837642964,-0.304971960597522,-1.3300513460259,1.62303477253825,-0.426747875610425,"1"
0.504924022849472,-1.8943043315998,0.167484118593024,-0.788138080884446,0.300747446990761,0.749525844967483,-0.646435308444216,1.0563284217286,-1.79521138900033,-0.116501796286908,"1"
0.71512325560027,0.161552333116573,1.24631033320334,-0.616148752815104,-0.348481445944286,0.0530975123503009,-0.41049769293807,0.311200482405102,-0.157793843875646,0.957788508123163,"1"
0.591409320196063,0.723236649105144,-2.47489273185528,2.64743006476127,-0.0844181925678449,-1.14976618587913,-1.70385695208897,-0.912532071319326,-0.0872213445835629,-1.1057500262308,"1"
1.96752077795526,-0.712792650091791,0.53568074941849,1.84845739980261,1.38400423452218,-0.563009084350027,1.9593406824845,-0.0944114344060576,-0.839824161013754,-1.17808659626969,"1"
-0.360449772318231,0.539794653753294,0.906660055009177,0.900039716405672,0.118273544886934,-0.435889105801395,-0.519164999907569,-0.0835450735064801,-0.78956702565152,0.521440498511099,"1"
-2.90037828327675,1.07429895824182,1.39818058386805,0.793790162001346,1.38816069931277,-0.207822347332505,1.36208807408105,-0.368600843723658,-0.765383655046825,-1.59221168912595,"1"
-0.931520771809194,0.705229643904887,-0.402634881433626,-1.13387659981214,-2.29027480128437,1.59740749623958,0.429082124361518,1.2535240122378,1.20819145676558,1.97594263562039,"1"
0.314742561464564,-0.0649182874284983,1.00058310131398,-0.512997101296188,1.68629546851813,1.19923154942995,0.916171804813945,-0.422927326082451,0.823109869218872,-1.55950783788433,"1"
-0.528081169672546,-0.938716938717274,0.943330238487434,0.999270654893116,0.383199331480564,-0.143240700938362,-0.177306822198699,-0.229503723198034,-1.56854481261103,-0.997373382601428,"1"
-0.338510734312481,-0.905434206435285,0.570285676067922,1.02494604107275,-0.570713550731538,-1.45182379183032,0.522015442184277,0.509724690119625,1.12614962321699,-1.08178100537481,"1"
1.07490274785438,-0.663305670834505,-0.157701665394693,-0.62465795981525,2.23354872430349,0.320639634587391,1.14749409102658,1.40729738364918,-1.15034209807072,-1.26946925510465,"1"
0.116415095538479,1.66142401441624,-0.517600056504221,0.187867351214744,-1.06415977842674,-1.1431674756214,-0.423279609553918,-0.672009726668073,2.76541838068336,-0.0404309029115903,"1"
0.389658203610661,-2.1289704456969,-0.946864350649327,0.962975818489637,-0.972670291044394,-1.00746857678529,0.862642952531128,-1.98350286264225,-0.802062112324388,-1.96519712972017,"1"
0.0268092816082633,0.246913163828285,-0.120412860794248,-0.458450461096307,0.750659278301037,0.625950767577781,0.626926562677583,1.23740684771499,0.720777667098377,-0.384153305857875,"1"
-0.781942351002465,0.866053302615541,-0.478536358300809,-0.0588862554349753,-0.116031019780115,0.287978985632586,-1.57519299661867,0.0763132608589283,-1.81294043379754,-0.888129402077358,"1"
1.36876934802139,0.0528097950773515,0.64656173264291,1.15026238910695,0.119259256562327,1.41642346254381,-1.04504475166663,-0.513322897871673,-1.54396136096166,-1.17560233052717,"1"
0.653880249119476,0.54231444282632,-0.647045076258764,-0.271295933905811,0.635314880270701,0.902447650372055,0.473190715201495,-0.833242706262375,-1.0058782728688,2.66487118386505,"1"
0.760558915815747,-0.0928588450331399,-0.309010575996866,-0.812232227456837,-1.62317525965164,2.3055301079417,-0.0218777182869921,-0.631199359936728,-1.5282411061048,0.429509995177602,"1"
-0.0527030308799774,0.882556564972226,-0.811717533530648,0.609960225481493,-1.44056441750082,2.00099491914794,-1.36037814741807,-0.7818997100965,0.56510308088864,-1.4497336535245,"1"
-0.48617860859663,1.65533271190976,-1.86768414595366,-1.49381236510298,-0.90290294424827,0.331435851968676,-0.964015936253101,-0.0654096391441498,-0.469938307382375,1.69174320420154,"1"
1.61956555701881,-0.910654565921332,-0.320578405045606,0.573336419065733,-0.061976227933181,-1.39623606486548,-2.22824782141886,0.322701483667109,1.11482186060055,0.211034189669209,"1"
-1.70490357646716,-0.855533210906394,0.0929965542087733,-0.185875675079884,-0.719001275169586,1.19061991686371,-1.20838157332257,1.25110423310807,0.499423854268518,0.388094972414,"1"
0.655288638959333,-0.410468195966702,-0.503261869512399,0.859437502735884,-0.332627791186413,0.653215047199983,0.375539924371226,0.449704523194432,0.0377042808048783,-0.643703662601347,"1"
-0.365207382236562,-1.04991625734608,-0.130603621354549,0.0761906304898027,-0.204612852297139,0.380248629767563,-1.05383084419984,0.748025796429487,-0.58706057395189,0.629481921647939,"2"
2.02061521820865,-0.104869023623745,1.04950324446984,0.881450008560864,-0.772230549131058,-0.11436247770661,-2.04728137972837,0.211233216801759,1.24168395939244,0.140946392858007,"2"
1.83877088561299,-1.09565230397969,1.90165733696369,0.712830475021578,-1.71722672493998,-1.39998328731155,-2.10272583895047,1.14453069531237,0.797045653521871,-1.34674519390677,"2"
1.21229752698797,-0.0753630365703711,1.67723244673638,-1.72987554415975,-0.420100968391358,0.215179293637593,-0.590690527096447,1.13937745233768,0.0443084933555828,0.0442567417956256,"2"
1.58647397593478,-2.15256570037703,1.6256612544107,0.199404381907327,-0.156070103213607,0.0376710247230624,0.40022047871418,0.059174994130302,1.22562228367093,-0.840067887590295,"2"
-0.112705479793694,-0.727452123733709,1.47519062677542,1.15076891457394,-2.33647781272043,-0.620909317062453,-0.430024062244184,1.48757759083821,-0.241197629471355,-1.47480210588068,"2"
-0.875624484319212,0.264242908743022,0.149079875465386,1.02581321925033,1.61277686264643,-0.414475546406097,-0.995511177774291,1.7266313162296,-0.727125385618079,2.10207934523835,"2"
-1.04610107431926,-0.743303072178368,3.17774295576526,2.87195412149328,-0.488733221559259,-0.273385551941121,-1.39432677175565,1.34703071632469,0.582790491802597,-1.1847750835241,"2"
1.23239163657775,0.661694634344521,0.853253756946657,0.555080566051503,0.0477949929500707,0.0870479995835107,-1.37237853002718,1.55299253746637,-0.61076246148499,-0.0836263997495941,"2"
-0.0411023258018125,0.264674165848454,1.65076041816185,0.858132693972275,-1.18741609151851,1.21884315762729,-1.85361493787522,2.61938294383925,0.990662066623754,0.154402338979103,"2"
-0.900126957259273,-1.07108186521379,4.08068695816654,0.217791406587831,-0.500321558498002,-0.692160345019541,-1.09587800429971,1.09677809669341,1.1750358543764,0.168138523242341,"2"
-0.376995173420043,-2.19414139450425,2.15013951725064,1.26817794937882,0.556490287187718,-0.672197249567604,-0.235887958514589,0.0592104038648736,0.267191288533865,-0.884004755428177,"2"
-0.025454106358429,-0.311275732714534,2.14729084808776,0.654649816645979,-0.504573142794798,-0.239400110425095,-0.489717621913072,0.604162664460237,2.04021919344321,0.222507019167293,"2"
-0.0823997878917384,-0.347443431761198,1.52021397808487,0.572264994834318,-1.34082232212813,-1.81926439927136,-1.10069317734548,1.45707566330208,0.317239742891191,-1.73397310279084,"2"
-0.957403349619863,-1.5834918618987,1.28654488228043,0.880932352841218,-1.01804078303189,-2.1569908870897,-2.51580136921102,0.989537756230665,0.0722879162514929,0.581219683286304,"2"
-0.179812881502487,-0.687774960358581,0.813601176998584,1.78227224842739,-0.162958591068009,-1.31119612546796,-0.380663021362747,-0.0595668506525141,-0.469214942061546,1.32041280906697,"2"
1.39061573484995,-0.622320899419673,1.0079141675814,1.72927043862542,0.0903427592650011,-0.513954143010123,-2.04641721692441,2.74801596831908,-1.60544522386424,0.104243136796093,"2"
0.318680506002906,0.0157208948785058,1.17083650855493,1.42592963709525,0.180193088604069,-2.13378131357244,-1.02185249298972,1.68780852717289,-0.0641655576169177,0.0554715133974079,"2"
-1.54358891035438,-0.0163838687132929,1.34519736443029,-1.02279452776435,0.802716330359099,-0.984345842306371,-0.802952414604658,0.958369442870548,1.56447693048871,0.880269453866854,"2"
0.434434285309807,-1.38565383486476,1.32576464056692,1.61221475481888,-0.936555065148162,-0.428659049578183,0.195582083198384,1.7763821497746,1.6934923587512,0.165100845038109,"2"
-0.33890923934676,0.701875806790274,2.1334704790251,-0.122307714556654,1.35583426458852,-1.22627538337714,-1.37079625769301,1.08058286066581,0.97237627869964,1.15934626228908,"2"
0.391713745984769,-0.639065257063096,2.44168847139472,-0.404350138172415,1.0536084344818,-1.15654054878914,1.71763435777872,0.707475383964203,-2.50144783457986,0.895542259499255,"2"
-0.911795489489629,-0.437193432121996,3.08200790051173,-1.04817212945181,-1.47404373101315,-2.26547295360872,0.724579294937955,0.428739526856876,0.411944179375158,-0.954178008438023,"2"
0.617139088672681,-1.07204748841952,1.01041872426923,-0.188109546077746,1.20477432825078,-1.0211576001219,-0.876389757228611,0.78756698901022,-0.666998599789713,-1.20686037229766,"2"
0.741569922755493,-0.980811545946317,3.428487218642,-0.995409965104475,-1.29332817030421,-0.211997240781393,-0.971299842663992,-0.487384418683385,-0.111388230230482,-2.83969340563107,"2"
1.67988901393742,-1.0812950253655,1.29434399864956,0.656127550328021,1.69673249900953,-0.791393717411351,-0.702953848672523,2.3417110912752,-0.797473486781298,-2.26323998326303,"2"
-0.928321767806103,0.0932060146428119,3.0405916729737,-0.498079334544877,0.207754439977388,-1.08618655824911,-1.33514644472984,2.74629786674749,-1.64227610762653,0.30041218569812,"2"
-0.499249361320625,-1.27893822649315,2.72525181720276,0.873908673833968,-1.92480413058333,0.377618370484521,0.223452076562254,1.05047998460066,0.639545741815524,1.81800667704424,"2"
0.506599789286112,-1.40021756258843,2.37353435753752,1.30657052282272,-0.984012716222789,-1.35657274193837,-1.83427300155723,-1.41337164544146,0.788085302321961,-2.44451024744192,"2"
0.58615153063942,0.773502514689214,-1.23977541602939,0.575313743377136,-0.370497766018781,-0.302216960888429,-1.12988502307872,0.946048275062196,0.737371155740993,-1.20296568993437,"2"
-0.302706313832188,-0.728618253277023,0.731446684319532,-0.316012686935679,-0.735375306710092,2.61371137602991,-1.88022831180647,-1.57466565273476,-0.215562716629298,-0.632625589077684,"2"
-0.00569725411282584,-0.140973383797055,3.08752494308407,-0.356602939704405,0.825825739931646,-0.132768141988667,-0.184262453139133,1.38895833012525,1.04794276882984,0.855592153128788,"2"
-0.848652602484118,1.7363558423621,1.01725006063646,0.715040263553588,-1.75549398952616,0.450630962574103,-0.23219032972751,1.43881818093597,1.94058633842159,0.416374511406066,"2"
1.06190596031557,-0.883784865246697,1.17812091695067,1.22331607495523,0.251559551713437,-1.23298805821872,-1.05581233193235,0.0680472201024079,-0.542451986812992,1.68528736764896,"2"
1.88000569344453,1.17539666255313,1.76405737304067,-0.665437222822431,0.871137698156664,-1.33435902820325,0.345868254045586,0.622347007489062,0.32570092074333,-0.379502239327883,"2"
-0.876002750825704,0.401980553553031,0.526913767188765,-0.0134580870709443,-1.67464758825005,0.266505832169207,0.38742189316527,1.2232046680728,-0.211946973903676,-0.0398975027977868,"2"
1.84886245962953,-1.833374239624,1.88802880557973,1.11345605782582,-0.879608946656652,-1.55589940791744,-1.04632482587044,-0.356535953450055,0.683209420359811,-0.279662656474111,"2"
0.379655650273921,-1.13162727440404,-0.0403428514653938,-0.397751108056568,-1.67863849682861,-0.626643399403993,-1.90879851337221,-1.08198271659354,1.23554040468834,-0.0685611885259116,"2"
2.30056077766266,-1.61246444231443,1.97157570558383,1.77924064097994,-1.68873149577881,0.071782933494335,2.02938514257898,1.55010791142584,1.44688979878526,-2.02940959315259,"2"
1.90595051107779,-1.08618493514281,1.71505437160711,-0.341543078242916,-1.36384137591255,-1.50379286505096,0.821930538519962,1.33946344061781,-0.287449454306895,-0.581122285058819,"2"
0.672400114054561,-2.58849810814966,1.6434057566123,-0.260799777890561,0.219365232669094,0.252930436511799,-0.826884917847487,1.18966102453345,1.17135168672072,1.25475272987988,"2"
-2.10882100232562,-0.995349075051108,2.90781253096617,1.17280757674055,0.0425017677085079,-1.15684390000435,-2.40493657372627,0.811810083431342,-0.612884202928925,-0.447694505067217,"2"
-0.201289094883311,-0.418907442417434,0.585514977828496,-0.0244834714212398,0.387017091147789,-0.659477483261157,-1.06814334147233,-0.0961349093659537,0.65871964278625,0.620670558691518,"2"
0.617104602288727,-0.182942264544769,0.47210996436651,2.47319255895069,1.01010935520653,-0.232686358000111,-0.0728512908365341,1.63823736547662,-0.703244292435102,1.86936696656294,"2"
0.408239676487198,-1.09192628589766,0.337270954407087,1.75802514601277,-0.44222591430408,-0.159186388196886,-0.149963121205756,0.197221257785102,-0.196757736407312,-0.0981400358646828,"2"
0.97532670227438,-1.56056440416218,1.57635790500467,1.13269114601416,-1.36003679350945,0.759763185888953,-2.1650353802309,0.751584888853707,1.20798987540162,-0.464026940258121,"2"
-0.236626720431834,-0.809196402862393,0.410081120364387,0.100261069108857,-1.61667848542885,-1.2657003058889,-1.06962526993738,-1.4792417952519,0.535916647297686,-0.540553866819561,"2"
-1.5334436773792,-0.0681966260728489,-0.401113725939136,-0.278346307544806,-0.485832757386723,0.119835034554752,-1.39823745813077,1.06732757783692,1.95805270194401,0.241916921656721,"2"
1.26502438335027,0.958261460221856,1.37194070298098,0.0413126983186113,0.265827843948106,0.3086928921767,-1.21450006867433,1.1895512541938,0.304909395346188,-0.100560380158707,"2"
0.587481116809794,-1.35692498420335,1.83079787378533,1.80677153272017,-1.98085363978972,-1.54758857534767,-1.24808266321853,-0.273637676875704,0.636986678098468,-1.54570650675024,"2"
1.15999366347476,-2.38504532831422,0.628949855978721,0.573724104838715,1.10470929672359,-0.858278932646445,-1.37628386862277,2.01573191181162,-1.30669041826559,0.403104404995671,"2"
0.87590676397833,-1.47940895235184,-0.356071754154023,-0.762986417768916,-0.5551159249979,1.53928330339569,1.75924306049612,0.375615434822207,-0.967920312790413,-0.143492170619662,"2"
0.411408823090979,-1.75823814387388,2.0808177398217,0.673316566552603,0.156433081208797,-0.17657229747995,-1.66670260442244,0.650546361577017,-0.614417432600129,-0.856550204414223,"2"
0.450428757300147,0.616724643765075,1.40710148252889,-0.187899449533131,-1.59889414648844,-1.42421142176031,-0.851933307727701,1.04964951110376,-0.588142268480768,-0.962285713985467,"2"
0.65857990442497,-0.176414513950946,1.31678475124188,-1.09931742045919,-0.192464666044625,-1.45194667404771,0.144819485263487,-0.502357966892291,1.52663510429971,0.709201268421586,"2"
0.940129384304159,-0.173468089452289,0.933521232138133,1.03382734858976,0.649519820821459,-1.78665678650667,1.57971794602323,2.32504769201566,1.09642743741997,-0.227575054415436,"2"
2.92005349159242,0.742321383062536,0.459885594972598,0.143957728208033,1.0440909538939,-1.65856677762101,-0.6314532862951,1.67845179069986,-0.133987457911711,0.272685520012241,"2"
0.186384160322229,0.872324890512565,1.75152954673158,-0.323662107211539,0.0939176220582918,-0.452081805904793,-0.591424645728317,1.47359807476541,-0.401073197013042,2.22387751370047,"2"
-0.773741708986016,0.293493696705659,2.98667829788591,1.98898151539624,0.0321065178418641,0.224845196744459,0.22623454889807,0.530051903133818,-1.17656293383172,-0.62957369899597,"2"
-1.6088845544417,-0.477761149946724,0.448505642546775,0.0798695759537294,0.468562654393881,0.802250688087383,0.498084182056096,-0.0616037886323423,0.081660960858513,-0.19481421264367,"2"
-0.371863659449448,-1.20780413441375,3.06734620935245,2.67279705827893,-0.27592562508526,-0.937814416645887,-0.290554278914156,1.17648772021949,0.147074023967704,-0.97593103331533,"2"
-0.219513082056007,-0.37669531419865,2.7372358896357,0.0231205186839838,-0.350993607125657,1.43249934795193,1.20716012681115,0.799274123878005,1.13457127539701,0.435192367068681,"2"
-0.598723869982804,-0.314206286202581,-1.11891110049286,1.87057328780909,-0.694009068437643,-0.225467010532854,-1.49267338350118,-0.0557393582771584,2.01022995111369,-0.134560105171676,"2"
1.18878615859734,-0.616535399637953,0.412754711927821,1.85585039460412,-2.09265105253229,-0.032083446087224,0.0656588874762675,3.11438205629687,-0.549860309427331,-0.393697144469525,"2"
1.97937449691885,-2.68541035508286,1.07642842219532,1.19927377680465,-0.992136156056038,-0.475545016873738,0.0451123391010586,0.512206266762203,0.136749258200036,-0.629910017441902,"2"
1.64224238437512,-1.74361429567061,3.29566773957486,0.741103329629881,-1.18451424707753,-0.743568157102835,-1.05654142125167,0.574344202021695,-0.136917369025274,-1.13157303263364,"2"
-0.986985601607567,0.542706202814718,2.13252822450551,-0.069641697457984,0.818010228720358,-0.973113120432172,-1.23452944909152,0.69960487112873,2.1782874766755,1.24032061420279,"2"
0.649526769484333,0.518079107778017,1.61962536176709,-0.879206387429236,-0.767056996638009,-1.25705207857646,-1.03928311215578,0.465749691352663,1.34720103510887,0.17332907330541,"2"
0.285476011818632,0.8031826273313,0.741208618415603,1.32204338816993,-2.10815661380397,-0.851417587654107,-0.950414144515315,0.676675300289659,-1.32814367702803,0.793782794449717,"2"
0.729884747493167,1.12087114175191,-0.265851483989824,0.494345658822496,0.594304627323657,-1.44911647200133,-1.65040066817913,0.453699131574625,-0.553476299764279,-0.393624808058284,"2"
-0.017508901023757,-1.3568960314951,-0.590412008462996,-0.11443856044761,-1.22465763787382,-0.842811245464003,-0.173600924569146,2.53866872261598,0.3169827782759,0.327286403938357,"2"
1.63603816561582,-0.361036052920978,2.24660426814649,0.012861596368013,-0.905256056312815,-1.72620189977061,-0.645722282893401,-0.790155199802937,1.29382578476886,-1.6195975161425,"2"
-0.151696330101069,1.068028094298,0.979706858604421,2.95727131610766,-0.487531381373787,-0.929242690458623,-0.841101469877965,1.63785870909492,-0.447161307720861,0.0638041223935809,"2"
1.03125235485465,-2.64444658491328,1.17708136530816,-0.0402042223266593,0.0123770770116967,-2.03275038738253,-2.02901942767197,0.23622716361101,0.342780711981062,-0.351066378827486,"2"
0.675546022311266,-0.55457995607977,2.89815765453264,0.172781039650262,-0.539780271316301,-2.19909848284077,-3.30805411786379,2.24209004978688,1.46440038727419,0.307035308711751,"2"
0.624659241038588,-0.407498833496327,1.25203751897628,0.483831281726073,-1.33616028213095,-0.712562763211824,-1.57226690940734,0.250571072145973,-0.0116883430306076,-0.767494440320288,"2"
0.0187978331372015,-1.82524403947841,0.00364379077174526,0.533163367513972,0.538788118040429,0.774114211700228,0.0816735479794288,-0.542431750694166,-1.33810476455958,-0.499628947720488,"2"
0.477131874874658,-0.794992001022197,1.51134528679307,-2.81592575799925,-0.879100262802304,1.10120369367103,-1.26452931380269,0.512917334907957,0.958019758890462,0.639937082656488,"2"
1.47522403019145,-2.02953502046959,0.488234817279611,-0.11099676851158,0.104302706378845,0.160801678578294,-1.7335358815688,-1.73688428805406,0.997518720125486,1.89440819753657,"2"
-0.248917072829582,-2.684004535547,0.561502403421254,-0.487055966979256,-1.53603809674867,-1.87310328653363,-0.784990980942184,1.77036580736118,0.335632779690351,1.56497993186701,"2"
0.726303097390074,-1.10358803523463,3.43543550218228,-1.50683862224987,0.084916070164268,-1.16617046125789,-1.89091533529052,0.130101146273539,0.802930424684722,0.703770210663414,"2"
-0.518223353913211,-0.593384349861858,0.532796730250199,1.01769635253175,-0.420113135920719,0.229564133423795,-1.15711016309827,0.484320225438895,0.743871207051149,1.24383477890687,"2"
-0.905124825747857,-2.68700555179936,1.2751975375131,1.70638735633269,-0.965279998374482,1.05657815987878,-1.47032669269076,-0.167602657361132,1.14805684581256,-0.345245142436404,"2"
-0.581534167101525,0.668095081408781,-1.44972849638713,0.0461212701605782,1.02232711984575,2.10866696048286,-0.351719180733127,-0.648918204737942,1.17433289959304,-0.736404023444555,"3"
-0.732760735326268,1.23716315947209,-1.32421588752709,-1.53905743012589,0.672748515686428,-0.405350582447366,0.201396096109626,-0.71153130825208,-1.60005948126266,0.871798622721675,"3"
-1.29344778185474,0.308553288230085,-0.687665831755139,-0.0917781974010393,1.56097785773256,1.16916152468562,0.131913668736791,0.347233982096612,-0.551554233503795,-0.658645575612915,"3"
0.454996829304764,0.775652757449448,-0.564638967625889,-0.790451648529511,0.17884751147782,0.822338721404928,-0.891235130249961,0.212386030749011,0.40126364696281,-3.03994877556581,"3"
-0.223545042706013,1.22480376683568,-0.38805297691815,0.732422475059166,0.25918235936238,-1.08199650624039,-0.491128969533645,-0.70233854790531,1.13995631088182,-1.50795283630974,"3"
-0.421169380630787,1.76980507395299,0.599577373829514,-2.50442701998299,-2.03749982944825,0.891959781492982,0.639891636058604,0.794450200317026,-0.766471177800827,0.381137562811627,"3"
0.332540350962357,1.40100846368295,-0.272277883410486,-1.84819973979354,0.173720341328848,0.340616682431388,0.604075787910965,1.13543306234877,0.38334661180529,0.284697632744346,"3"
-0.857690101819275,2.37389394759299,-0.920068451862476,-0.67604325835746,2.6911208114974,1.37574087517933,-1.42791903409888,-0.921934731070096,0.757988846789666,-0.868400853972812,"3"
-1.52221404573747,2.39725027657086,-0.266407459224399,-0.102213197464106,-0.699450111646646,0.732219305843607,0.309185142863278,1.78307319965815,-0.064483444616722,-0.910433525231661,"3"
-1.57533211534597,2.86640149985745,-0.00504148493305018,-1.33226626052907,0.840669557381587,-0.381100158975918,0.314080042295785,1.70384863007419,-0.302955655852677,-1.38192898815583,"3"
-1.14961548734163,0.0678792985009877,0.984516835664373,-1.62200292496945,-2.25568350521649,1.9357259317769,-0.379371300713076,-0.293320007592626,1.63539745653942,0.276237390170041,"3"
0.425184090481512,1.56509980681701,0.342175670684116,-1.13153350709247,0.219356142393141,1.44453904692748,-0.25941024022101,1.38180961490912,1.09437678069022,-1.89446074769727,"3"
0.287304552053826,0.921949388355423,0.915467821160848,-1.85562272908277,-2.50410784278364,1.78982434374001,0.672720671643698,1.39765907911954,-0.169967202241561,-0.332944779621045,"3"
-0.824845316506595,1.37069990719946,-0.623542762608904,-0.596358474273543,0.729654487819345,1.96434940303819,-0.860841292933991,0.765381132976156,0.566187182258631,-1.68834499033902,"3"
-1.02626633832527,-0.126077472250521,-0.517788023808267,0.00511223626394197,0.408216835726253,0.849430291054564,0.424818900480361,-1.05115755339778,1.05711567900458,-1.09881463296653,"3"
0.031277915509113,1.90828561746443,0.668238109636155,-1.63204200964151,0.434615526214234,1.87488230052285,-1.58460963131415,-1.75088044993124,1.25993788067366,1.17368801660923,"3"
-0.680914262653028,0.223518727141424,1.00253890827378,-1.57699353546747,0.307668485837323,2.36840391047426,0.933390104698616,-0.0171868171803479,-0.291731043997363,-1.67700887031337,"3"
0.259957053081295,0.827648335221344,-2.30687915302575,-2.093229530387,0.534893372869555,0.144476322674947,1.63598443790484,0.128991051114093,-1.84676530722252,0.0580225093041113,"3"
0.632278006938988,2.79858918671384,-0.0549335824683899,-2.0542517818161,0.817528214116274,0.0709939248399311,-0.77235506400602,2.45785731766309,0.790995261823384,-0.392411840976134,"3"
0.158408403984684,-0.544044085162967,-0.920793985277765,-0.850934146919765,0.252513014758167,2.60602339381857,1.22178890503439,0.190824958032966,0.323704151339118,0.0435211983695655,"3"
-0.376879131641385,1.95692270363972,-0.767778007318998,0.295679520395527,-2.22925337217588,-0.101399913947517,0.755162126588223,0.471331767146915,0.0634721850090902,-1.99730973618404,"3"
-2.07099005418741,1.64090652870941,0.252690748668607,-1.21574528373321,0.221609225287743,2.15707994604073,-1.32119906373098,0.457316331905529,0.776377163565303,0.293007604955303,"3"
-1.37811021606754,1.97299889299325,0.324141826959653,-0.136424989280147,0.401593744147469,-0.173180971625604,-0.154321094339588,-0.352842229000291,0.478216860936713,-0.949853529714898,"3"
-2.99851899251906,1.00219494189493,0.917548920493194,-2.40200818029774,0.18619090473109,0.15724938567741,-0.842485715490823,-0.975735273108419,0.422848234827792,-1.38512496186618,"3"
0.0397568627092745,0.87975080307005,0.170510068613357,-2.419882422415,-1.46281852019119,0.226994582870561,-1.08752884708842,2.80404739174159,1.70451565359927,-0.646727401870366,"3"
-0.376455413620993,1.42762822948323,0.610830116812828,-0.600213302872484,0.774329626716382,1.37228509199234,1.16247749710485,-0.284759988095761,-0.439896413323905,0.81324801214237,"3"
-0.322181528342925,0.902467468826295,-0.290264971502569,0.684362943024222,1.20301400420669,1.51709838229577,-0.597535566327837,-0.482430380176856,1.01787101404871,0.215203328690059,"3"
-0.000915429103140131,1.67205001420635,-1.42347930188533,-1.36646350297629,-0.80088235452051,0.40582091422422,1.61586463841787,1.28138453310609,-0.367110778521534,-1.16816124989573,"3"
-2.82134732704795,-0.0444609689576254,-3.04590849758304,-0.0818734189278697,-0.486977675703733,2.33987402663232,-1.03866172483508,0.595753890989464,0.328974548620277,0.438398558005939,"3"
-2.05885970627471,2.06007917842645,-0.698311614536659,-0.416531097567753,-0.107913334096986,1.28169757755645,0.791641794825197,0.787072634002165,-0.47341041528242,-1.64564935753548,"3"
-1.21167780457174,0.206732687483534,-0.122119834573806,-0.680935819114004,-0.598061095071461,1.87520814423033,0.892092434855881,0.391136937126166,0.942253916883845,-1.03813140748113,"3"
-0.77791916342015,0.507658307944956,0.146220598920908,-0.331121525644548,0.960598064298184,-0.0754562552554452,0.475722838109394,-0.0121679539458874,0.583612198518269,-0.766094118916617,"3"
-0.417433733186219,0.958657320736235,1.21745373998836,0.161879751553543,-1.897495092937,-1.27327219486233,1.71557167745359,-0.0753546182070257,-1.60477884800832,0.217724027694493,"3"
-0.882991114701509,1.02090186199543,-0.901368348328683,-0.715310076926955,1.31810374651629,0.441129831584458,-0.394476377265274,0.186049601567255,1.79073531558505,-1.89408150296089,"3"
0.0963316280290801,0.615740001170677,0.640774194600162,-3.2305660318333,-0.597194204958436,1.21681086173489,0.194538113237968,0.684475988463347,-1.76375077711056,0.37907707671667,"3"
-1.3673172809672,0.826661301719249,1.17905646576885,-1.36684576509096,-0.138341212111356,1.24095037743451,0.846203366421902,-0.133930333746696,-0.738488384177954,-2.22659002114435,"3"
-1.57731836045851,0.640958263742657,-1.1362510821607,-1.29502919462511,0.454792030854768,0.492012889184808,-0.886240225489886,0.353311837849451,-1.31867352495862,-0.0727934879615522,"3"
-1.92014124744621,0.64727694354666,-1.3521173417781,-0.589117845227491,-1.10177086530202,1.52822757536108,-0.0721138521947586,-2.65066823361977,-0.0175980402005935,0.716655906613241,"3"
1.24573758147063,0.0210910612138868,1.1358276686452,-2.56395277453509,-1.3953819120878,0.0349420303896827,1.0193474750107,0.0566384942970368,1.11403922402673,-1.61684189598621,"3"
-1.03181209881782,1.31220007712651,-1.56191875390936,-0.175624506852543,-1.27980632903698,2.00714685557997,1.32170810525848,0.148640469782903,-1.32237297662383,-0.202073382706079,"3"
0.28868528984113,1.28297808572967,2.98488752030054,-0.424369584713776,0.898565169694701,2.11300106326292,0.0383083710601016,0.231241973082917,-0.375789669726117,-1.05642691994734,"3"
-0.656649474500952,0.845382389610889,0.514516429546305,-1.8231509092138,0.0975792778395146,-0.40470431295957,0.22233973346745,0.62334090272199,-0.556645956874914,-0.806526634315616,"3"
-0.266934358991414,1.35018056292783,-0.966428918023404,-1.29761829882933,2.83739224197006,1.93285064748224,-0.848778581523783,1.58819534202754,-0.211524594490411,-1.09685549833466,"3"
-1.54671738025298,0.380587130484348,1.50608129454525,-0.14458415287413,0.251632377897586,1.70270592131843,0.176764297858558,-1.43292388891911,0.794706779989696,-0.110345897384214,"3"
0.318179038708559,2.05925637559454,-2.714776338139,-1.71898571592821,-0.0137361099333628,0.158125420329373,-0.222464416472003,0.449356056842985,0.989201143619482,-1.42216204578,"3"
-2.13654954905139,1.17622031088133,0.179707503429905,-0.970953125368523,0.236259301015727,-0.656745471926804,0.56364546216419,-0.171746500343108,-0.730231773935065,0.681808320520566,"3"
-1.52662856063905,0.347592400476448,-0.528489621844156,-0.269352505270837,-0.228104799330981,0.466454303084235,0.560787091670207,0.39259042994914,-2.02642379428696,-0.726033715619198,"3"
-0.0562950708179286,0.311880008404018,0.232878647671434,0.924073359756371,0.0916545914574787,1.30589621572459,1.03210825935536,-0.10442998149508,1.06358767101627,-1.61319116560405,"3"
-1.89946675105548,1.32623514687444,1.31509936874681,0.130536622865487,0.0546197061635225,2.88118417959093,-0.619206224206768,-0.8085254175117,-1.08131442408737,-0.723507939361666,"3"
0.217117190718572,2.83200854971396,0.0563015703372568,-0.946276676697888,0.560544572989871,1.04987806749936,-1.3689944487426,0.392585188895818,0.847545025614031,-0.517821790133967,"3"
-2.35304865025713,0.79849575482694,0.208870461426938,-0.783112768854026,-0.588934502177156,1.7929996154308,1.24284955360024,0.256862008412516,-1.51368948881644,0.43989364164671,"3"
-0.45398148123769,0.912915922654723,-0.29000673979812,-1.73299139026947,0.25267308336784,0.00548020797948545,-1.11735605746389,0.215561212077496,-0.916961688078416,-1.74927644132509,"3"
0.243198817616153,-0.676584574787173,1.15856751062726,-0.386044903416801,0.0841704504417432,0.151092931798765,1.60301852640339,-0.282623432357257,-0.263347483723238,0.0281811548200678,"3"
-0.0343847075786232,2.07687160680974,0.512893912606294,-2.01236277535361,1.18569800005793,0.916897510434289,0.00561872693605725,0.184356317123854,1.55478342505987,-0.220396716174029,"3"
-0.997014411862953,2.30712996730458,0.193316778270986,-1.47340858598426,-0.386154236941569,2.19702274172128,1.41462247536784,-0.66719601700848,1.51445150806642,-0.484222259866954,"3"
-0.461914217328765,0.87355997768625,0.50010612182596,-1.21671479496897,-0.508724224110804,0.457172878787059,3.03225142177035,-1.2319675950366,-1.1521261232092,-0.855066902590315,"3"
0.343815619743935,0.621684389174449,0.359925101535471,-0.472142185576149,-0.798774983659872,0.0206989787488926,0.0254084976638653,0.481738212277274,0.420539649137539,1.19397841496418,"3"
-0.971468642356372,1.82969898207302,0.856432153413632,-0.274993548619848,-0.678563814508485,1.17875733443764,0.00947632888183719,0.503501628251413,0.816887689016373,-1.3849508767055,"3"
-0.1062911926813,0.0594273298875378,-0.369221274188163,0.809895308867852,-0.174707540572503,0.317931219655596,0.42077071025467,-0.746336647019,-1.64267501393073,-0.211457369902366,"3"
-0.6830041264412,2.48678878112908,-1.05406602427175,-1.41112652408633,-0.614763851760867,0.36033877002009,0.889665351768804,-0.321916882166664,0.624244239889678,-0.582730663532536,"3"
1.11663283884896,0.131397682370433,0.050467008874488,-2.59945800686611,1.39268470315258,1.02508604215227,0.138141350576818,0.273411648124306,-1.22731345342629,-1.87412043773825,"3"
-1.4390909530792,3.31765505201457,0.860090896974501,-0.767963430790271,0.264882381190576,-0.292337148558531,1.24659236484533,1.20494218913954,0.740969166190664,0.1812092911981,"3"
0.420839943642532,-0.0502643034644092,0.399766284800792,-1.03837994999462,1.40026709698159,-1.21130797755632,-0.492908589034712,-0.511375897941855,-0.0178394822607945,0.871707164180352,"3"
-0.840619169843102,2.60811430666337,-0.916608294221473,-0.466591453382113,-2.01633780623696,-0.00394328826269319,0.335939034181941,0.37093808980355,0.776979563208656,0.657247801565891,"3"
0.119973824975832,1.29599417669861,0.27638101899495,-0.494532676662389,0.592636827861676,0.3522376300106,2.03450518618919,-0.844627841131898,-0.590172049189037,1.00051269982989,"3"
-0.732883405038576,0.930040782888311,0.372612236980118,-1.96406120009486,0.538712431578194,-0.794362940175778,0.246643774356889,0.0545489056196371,-0.115553935229801,-0.199001653519751,"3"
-0.854789971047585,0.822471881080953,-1.07868558328497,-0.286902480838332,0.32608555189336,-0.479417583022114,-1.15312520689171,1.25148153408267,0.0883797818878322,-1.26209271926898,"3"
-1.01850235956544,-0.0788156104443134,1.43188843791693,0.177104155491824,-0.999963797105417,1.48477494607119,0.0646224589486092,0.777772009976246,-1.10717671929358,-0.0371915132640139,"3"
0.363798020882892,-0.125613538982863,2.08151630330072,-0.941441825594847,-0.746006249139083,0.306613589271431,0.253002231768548,0.255674297088767,0.303966809053847,-1.12978487654849,"3"
-0.467518827898107,1.28266012575098,-0.278885865896296,-1.48047153202417,-0.0843074466121564,-1.08486899464275,0.163426423281852,0.762023039894389,2.15170846168978,-1.09993395196523,"3"
-0.64240300797914,1.35824221343747,1.25911777672353,-0.747527847890366,1.59063372468444,1.23718426017894,0.899107839684166,-0.415391859120698,-0.322634520153752,-0.940774347374946,"3"
-0.0515115292904071,1.39157362136331,1.68247386224911,-2.98393451884494,-0.456677087496835,0.18517738645453,-2.08986228152957,0.841200313631983,-1.65760086506557,-2.00019834154772,"3"
-1.40411427987861,0.49850769179118,-0.922425384945212,-0.392453357136313,-0.463145437382606,0.514400929764814,-0.430069789370889,-0.309303938575041,-0.871465345298464,-0.647590871918305,"3"
0.871757433698105,-0.144145117846711,-1.2078729851026,-0.317101431844031,-0.789248460746238,1.22609544468445,0.20114279162423,-0.47191634855674,-1.86739032401534,1.13746414779008,"3"
-1.42551073623611,2.4533656639145,1.22296665758567,-0.437817999454806,0.184230775875897,0.332106905148485,0.808757280143159,0.657364094073509,0.119278058368106,-1.2190262946325,"3"
-1.92624884189885,1.56772821092069,-0.163765829502733,-0.182459999985674,1.25247264776687,0.989051913611488,1.267496131907,0.679546042692872,-0.299190345531289,-0.123301004436737,"3"
-0.715054823327228,1.26012268659894,-0.352864337998489,0.736310395720303,1.16482050571166,-0.53251360895514,-1.29448574070207,2.21090794960067,-0.674082725503002,-0.704173929833676,"3"
-1.06932941926313,0.110188258910235,-0.456273078165624,-1.59894306248499,0.464918579714365,0.108346753875591,0.638086499122259,-0.958922914893669,0.917302809638299,-1.75818235705452,"3"
-0.389837813754865,0.312852564782255,0.269969001514902,-1.8890645106916,-0.730040788652874,2.11296382449856,0.72769572265262,-0.139324928738382,0.488814693432099,-1.50789609697221,"3"
-0.328181322418784,0.685214957721354,-0.344010240116822,-1.0048700577145,2.538190347745,-0.0958702794229025,-0.161456603109303,-0.955117341021115,-0.0603455339824208,-0.515779310207942,"3"
-0.291641322284047,-1.29630436970424,1.84804389462269,0.0464377792327999,0.17496074867595,0.957682970494466,-0.043934332123989,-0.255805977089178,0.141380750997163,-1.6438253147763,"3"
-0.503143580626566,1.26245319269455,1.5951129768811,-0.838481435110049,-0.0561039613023075,-0.273808350989099,-0.889308108828893,0.0244796543289001,0.947095502571206,-0.763009555631484,"3"
-2.13419227070044,1.1464212374546,1.5299243440661,0.448259628711439,0.603723298805417,0.663263076174004,-0.109733321005635,2.39625070697058,-2.65125181486952,-0.786089938564762,"3"
