"X1","X2","X3","X4","X5","X6","X7","X8","X9","X10","y"
-0.0548775002712661,-0.495162650680499,-0.883480414232518,-0.338699825739815,-0.693285804432792,-2.15718522298702,-1.61060925980449,-0.430568668088662,0.0260444471020456,-1.17917562862162,-1.29112221317712
0.191732160653399,0.485684128654881,0.0939145980642875,-0.661889098289787,-0.618903709353569,0.638448086334243,-0.297617999092396,0.0872516993018458,-0.10539229208977,0.782591824213061,2.12344564783063
0.950218581732448,-0.160463276067033,0.118322652749924,-0.266673514932497,-0.6814554928566,-0.805690420029383,0.448968947679208,0.417162356811749,0.690295366464333,0.345860716363988,-0.31758352987451
0.1717466644079,1.56215692970262,0.831914318144051,0.524719021984711,0.378177343854167,0.0373904045852731,0.442557374315096,-2.14593934580352,-0.544220932883609,0.967260243267666,9.88206961947513
-0.077631463914097,-0.633736603180546,-0.883480414232518,-1.57330250145811,-0.755660512640682,-0.352787530511384,0.646311680383543,-1.38616293264107,-1.78494742729922,-0.439989609633598,-7.0018721807112
-0.585021561107594,-0.519558006798371,0.036117250450476,1.15828422881734,-1.71124729702652,1.55873085478538,-0.92366735983315,-0.109634257117221,-0.248249247944219,-0.573175079056673,-4.69350713570226
0.164616461732256,-1.24580820247994,-0.586225674694955,-0.746847789792637,-0.474379719968344,0.0426518686632461,-0.78980995501134,-0.359660479426939,0.201292582355559,1.17057237537199,-1.53286353037821
0.1717466644079,0.592544680877781,0.490712571337286,-0.125768728830111,0.622443277448742,0.101316850309453,0.309411120155931,-1.1407788892931,0.750753034743942,0.586918798820825,0.770437508036982
-0.386195838301726,0.0150618137274857,-0.836255895194188,0.871287729789589,-1.01792520071918,-3.04421603357246,-0.0263280937349334,-0.42968604079561,1.12987882396319,-1.17917562862162,-1.35089913460222
-0.426520471015609,2.32360793799555,2.0956429030027,-1.17325006357122,1.02760837397407,0.0197636936682784,-0.317976610941348,-0.358161408650101,0.520037210117111,-0.803789815694528,1.24445368918679
1.00267412654925,-0.122356460118098,-0.552654036584867,-0.753679549700322,-1.08260334800641,0.755603914266276,-0.955053213604727,0.108498270105953,0.065607220160324,-1.14828310038186,2.59244381700058
0.859600004206657,0.509115686534644,1.40374700355801,1.27290164364334,1.29498909529865,1.64956029046232,0.273653686674101,1.57428701907198,-0.0903958549036704,-0.0250905172448539,11.5872664825344
0.133521102419665,0.681792670236,1.05673768707494,1.57482573221479,0.945907446530906,1.35575245596596,0.808137475018504,0.655826737984703,-1.05232129615294,0.923516476453315,7.76173120916489
1.53323497680728,2.48374564612717,0.609626798281929,-0.380325283448556,0.784237635519155,0.849190374647871,0.916300801998062,0.569739468227383,0.769150693287771,1.33749352855737,9.93989622894449
-0.181354512119652,-0.717689996128067,-0.707283562271208,0.823006753378883,0.31544943071057,-2.02225936044578,-0.271560197672909,-1.16421224702549,-0.920497320505882,-0.764189426636677,0.629761529020432
-0.480785824057188,-0.00507944863974609,0.659388277638206,0.15049731032902,-0.271177601641275,1.94798597993364,0.996912526588601,-0.124760685452026,0.893487051647502,-0.181728884291196,0.741510707040331
0.881258247682063,0.433635444480946,2.64568868405471,0.894072526126464,1.31021681616048,2.56394624705113,1.23967431266155,1.39234818861382,0.0380600052496806,1.87861045376702,19.7232645512701
1.36711924169362,1.13237956823625,0.923897989615785,-0.183877296052207,-0.0144444967932619,-1.31521787587215,0.236156704873502,0.447352545157692,-1.35562263400577,-0.683914847727101,-0.69894319456812
-1.32947270813107,0.173002002173394,-0.725510243800295,-1.34702284084765,0.166873117449753,0.192138423492775,-1.46796588888698,-1.63031638517995,1.79271354093547,-0.321272168370582,3.6695659510428
1.16117480272294,1.52827785821081,0.772287801277415,0.61823978438732,-0.337034095817186,1.32654857549902,0.0301921374939983,-0.256820149641035,-0.211566918413724,0.0138106948815109,4.35694138928647
0.185619725234844,1.47876571071257,0.158153302439074,1.96510138347007,-0.71256552894896,0.520441557811324,-0.361705497566008,-0.568779862005913,0.381912186689241,0.948596061322705,5.84536184238758
0.675595169311833,-0.932004272978024,-0.377644132967411,2.80520477029532,2.50016823759236,-0.0180898089263219,0.947207973660823,0.0887192492758046,1.74278358339218,0.338125599371,6.20741735933679
0.10455073453449,0.509336343546659,0.0939145980642875,-1.34613079750867,0.446374326531758,0.348992662163515,1.02772939592811,0.0813972902574032,-0.491413587707613,1.13912206067703,2.94844097937261
0.582928732682298,0.264876763974977,0.0616556935916007,-0.661889098289787,-1.22983411123598,-0.579030555934949,-1.41544570418385,0.624391101337082,0.201292582355559,-1.19270145246419,-0.895741522140899
0.447367812467549,0.210841214985475,0.917321167936557,0.45142073223058,0.901159744681946,0.672744982613022,-1.21696563828431,-0.545950270066077,1.35348547408793,1.38741496932575,10.2950901841419
0.690964062233841,2.07719883336399,1.58679178458531,0.758005200296661,2.14560215829865,0.168021529299334,0.0713933893075681,0.991694212706748,0.996899099969718,1.59325177815677,13.4387689984544
0.762339337221955,-0.106648651384717,-0.600629417816981,-0.903833460429922,-1.22983411123598,0.55161896506827,-0.800044823632449,-1.04420365896201,0.794488355035349,0.941958026409445,-0.222189238958079
-0.0409292846957959,-0.633736603180546,0.186784416747481,0.464045661143713,0.171117680559214,0.672142134392484,1.42018619432543,-0.14657927646901,1.69889535256995,-0.407710333071977,0.933640223719706
0.888753209137448,1.58868595839256,-0.0162265331936767,1.20246267623862,0.853042203096545,0.503813592943149,-0.510619372044209,0.140042884698053,-1.55135360572795,1.12267004247669,5.15659168486741
-1.3823666334442,0.115608375670306,1.1877007737267,1.25966945525495,1.50889690414052,1.69816998118601,-0.39547952503112,2.21236082252127,0.356913946290123,0.0144403972806963,2.92267365910629
0.196149619874279,-0.0753364712356289,0.609952429831263,-0.699417657880821,-0.618903709353569,-0.571154641983394,-0.743072088352578,-1.95105885025294,0.065607220160324,2.32245268946643,-1.00850999945641
-1.18936535962203,-0.446844147762267,0.650606393566334,0.15049731032902,-0.367812336676944,1.75853310854543,1.11271183525995,1.6897881419568,-0.485679403680798,0.288122311551985,-2.72313401230102
0.480551289164234,-0.233605721356262,0.670649761443216,0.45142073223058,0.901159744681946,0.4128046952968,0.626391511866035,0.201109594323869,0.697260267152934,1.27035016073293,5.00855362114085
-0.904196945121926,-0.826729690765705,-0.602628021752821,-0.332345525794711,-0.00105775409047892,-2.15718522298702,-0.661715242705322,-1.33941935465603,-2.72073177205318,-1.33183818879856,-6.0601757995778
-0.272654228493796,-1.76868466470498,0.437616012796555,-1.51562835425025,-0.861470502709157,-0.577774332494422,-0.26702826055631,-0.973369278312371,-0.865484436660703,-1.8645502596818,-7.0018721807112
1.5441038006929,1.3352257120177,1.20022550434661,0.632472250305938,2.14560215829865,0.950320472230025,0.222916277950717,0.51540454777096,-1.13730550392913,1.59325177815677,5.17157162476591
0.304922511490088,0.445087403600171,-0.914116865921711,1.37959154114476,0.218170406532918,0.629211886975234,-0.893331231008313,1.44273583888322,-1.0380337375917,0.507786100439142,5.56738570039616
-1.00022837518779,0.625087111683813,-0.424720858642606,-0.287498673267415,-0.692283466096195,-0.724824656060668,-0.746343572226796,-1.42627917455253,0.409405448847779,-0.220160290544902,-2.30960528256328
1.77450634014295,0.716519503169065,0.826223197103398,1.0600144225172,-0.0179528006894498,-1.31521787587215,-0.00625568187039244,-0.813808726876811,-1.35562263400577,0.564397900309837,9.4575023448456
-1.16313754500599,-0.1186288435842,-0.0681740449458436,0.629106917630854,-0.954044662163625,0.456266949648323,0.176158163834977,-1.22888463492232,0.314178440334466,0.136230151993579,6.15343738676656
-1.32675777861709,-1.00551775222809,-0.0664595606001867,-1.3269728733631,-1.04764662925035,-0.0776591245648464,1.10331796819945,-0.342880416840879,-0.43946607968811,-1.6061500957689,-6.00510046137246
-1.127693637679,-0.853645344554411,-1.26157196983442,-0.0230284000039635,-0.703193241049827,0.361710709835103,-0.79305215777269,-0.606465258886402,0.577119181552524,-0.641038982613479,-0.222189238958079
-0.0536722520343012,-0.461086592846011,-0.978860174551881,1.91220123752183,-0.252608598559493,-0.468089242522411,-0.585448897312552,-1.33941935465603,0.270302822177328,-0.733890619684885,-1.94670642485307
-0.29707993818114,-1.76868466470498,-0.38181583264327,-0.0371893595731072,0.0284885768468258,-1.75908186370431,-0.916592272078788,-1.09025158286211,-1.41374019335069,-1.21065078527547,-8.34055035522486
-0.871346066521335,-0.733824031996406,0.233554818655648,0.496624619291266,1.05711028319756,0.145293829184276,0.0479336662226889,-0.797278196364214,1.02608955867028,0.519072085720147,5.14820488898239
2.93579729943555,2.80755698154772,1.96854041813237,0.329382955265867,1.47530369920191,1.26837413905326,1.50736427029431,0.116375333741807,0.732059258744381,-0.683914847727101,10.2223275258037
-3.40644033076636,-0.22138354900536,-2.81912704270612,-2.12178664776299,-2.61168024551675,-3.18005966733247,-2.12696224924843,-0.837896393671292,-2.15495782003004,-0.942200559276791,-11.1294158661972
-0.50304262837195,-0.0148709710465505,0.785112931858174,-0.0347387309624467,-1.09130358648628,-1.09469207353906,-0.893056534738021,0.510243455888285,-1.33004103447836,0.000247401930484797,-2.72313401230102
0.29738611167111,-0.290470814262604,0.187286697609905,-0.90428737157738,-1.14027602642721,-0.903915038839882,0.276182400970575,1.20997229390487,1.50476578964394,0.115278398477482,-0.434288700628928
-1.15519369473313,0.308507810347879,-0.46615921407242,-0.400101768667347,-0.849709005824453,-0.244788824502856,0.213607248068147,-0.211381011909861,0.0843238448642691,0.699174896714468,2.54680752268518
-0.119292431527911,-0.763979897259904,-0.213633243225274,-1.10476393240739,-0.367951990737022,-0.402675274151368,-0.778870324550522,1.31149021698958,-1.78494742729922,-1.30179644231067,-0.627285016916992
0.579554395343405,-0.708961353914252,0.427411233173931,1.16058980022967,-1.03177226210773,-1.02950346100054,-0.257035459228808,1.28245626294485,0.15264067289771,2.36375658903046,2.70384915564158
-0.704814529404283,0.714522866727207,-0.213732109194732,-0.596279366323541,0.97184707435467,-1.52514545577865,2.05799830358223,0.971202059437339,1.22752289853917,0.783267905022967,0.769644635105611
0.776401065545674,-0.235174701946347,-0.379893645565173,0.618338698635842,-0.590649877110776,-0.555138018581751,1.48039248757048,1.5970199409997,0.15264067289771,0.83334786891758,0.99264130074248
-0.879701736970991,-0.972991550722847,-0.950074269418921,-2.50963415315342,-0.268650841966435,-1.40602049312728,-1.18378212282465,-1.42627917455253,-0.694743491525434,-0.142998743727761,-7.15882017974908
-0.414325878961127,2.32360793799555,0.521297951639054,-0.125768728830111,-0.0786226870283411,2.02374829807408,1.03347600130291,1.6897881419568,0.831863554617106,1.82345190555411,6.00892831194475
0.161917302443048,-0.552350156167682,0.365713102065709,-1.00346268798635,-0.569210162420495,0.333526833169558,0.0395177622929147,-1.67296735206004,0.194230913990548,0.118686955884413,-3.11841009601318
-0.712214378711647,-0.159908327214838,-0.75225854743634,-0.404922980611589,-0.735272706160052,-2.15718522298702,0.889501285568427,-1.61518863196501,0.0591161264936031,-1.95314601949824,-1.35089913460222
-0.480785824057188,1.50653614129627,2.08910980283951,0.836740633135896,2.14560215829865,0.950320472230025,1.20702550293326,1.31095236427473,0.356913946290123,1.66596712005268,19.7232645512701
2.77115726772021,-0.0491477249859351,0.596327515882839,-1.07665973463152,0.298721164042443,-0.736256623067729,-0.297502125663676,-0.479725428745295,0.283955760648591,-0.831047331317405,0.768651743277549
-1.19710953248907,1.62855819648927,-0.221687560883491,-0.46084977755261,-0.0786226870283411,-0.247165386849246,-1.03000305147676,0.530551128348747,0.034484747265245,-0.72604824248623,4.75414298955368
0.531554052393812,1.25221655744318,1.58679178458531,-1.35103453022308,-0.522676100991433,1.37757601035007,1.03347600130291,0.522774373804906,0.533258883253301,0.972506548043977,7.17519007267455
-0.7859218409112,-1.25965183554667,0.909326341896291,-0.374893696828624,-1.47012556678788,0.687006961075046,-0.552503572794955,-0.91264163603047,-0.494756574678047,-1.29617030653257,-2.81224314531195
1.24879682957409,0.314504107266004,1.79181179636635,0.770892795303096,1.0447570128108,0.653587637904956,-0.835849409168776,-0.745650210411729,1.29033541497647,1.01637815787218,13.3143302703441
1.25659338017509,0.314504107266004,-0.742950345610773,-0.0646343925536648,0.457109771556562,-0.593000462272115,-0.644069461743151,-1.11858195554973,0.647440205194349,0.592879505042233,0.707404875050894
0.173320216505395,0.592544680877781,-0.0555759522815941,-1.16246707720775,1.22341528479032,1.91198312765107,0.662249399477933,-0.0104776482810191,0.303289369114151,1.60763761479355,7.11706065614894
0.798999605757999,0.497668366841056,0.207197470738161,0.648416934270865,-0.903400938978315,0.0596619796922206,-0.514936357685839,0.79565679274501,0.942916282521839,-0.121237932776898,1.87217308456494
-0.579710178415878,-0.519558006798371,-0.338083041478847,-1.64957525949653,-0.735272706160052,0.171326888049285,0.38701971817638,-1.61518863196501,0.257935101538228,-0.219084911924854,-2.87008352249563
0.213681187118889,-0.102195599380688,-1.26956325496212,-0.746847789792637,-1.20660037536123,-0.567316470963934,0.105613840039823,0.775220960680223,0.526517959767119,-0.666847996820273,-4.92615027838217
-0.762562479628813,-2.17298813185325,-1.68306186977642,-1.58029820317338,-0.801835133221237,-0.570464159983949,-1.31042226594755,-2.21862964285493,-3.34351965067067,-0.680323308503242,-15.5967945643338
-0.227596383939583,-2.24698741819515,-0.684234979044229,-0.41627987486034,-0.808348967246167,0.228608066949823,-0.800044823632449,-0.0963394311602401,-0.0618946389533626,-0.869515376228245,-3.47208790367922
0.929061770683383,1.58868595839256,0.332709141819372,0.112224052608715,-1.15102825720773,-0.307246490487276,-0.296808902749537,0.904594554022761,-0.0620912136176995,0.786951316126053,4.35694138928647
-0.853783759868396,-0.640731364292095,-0.879254592178029,-1.58029820317338,-1.16749955440934,-0.279541930592505,-1.48846427618205,-0.783309598721996,-0.423784897033042,0.858701308074068,-4.10861520352847
-0.119494495780401,1.33822723527286,2.06438726273645,1.04333441465878,1.00927420661852,0.771410775917145,1.20702550293326,1.36949385917524,-0.592503816250919,0.923516476453315,9.68083935355119
-0.878245611552254,-0.715097198552933,-0.248927047104037,0.962390624310452,-1.71124729702652,-1.58909027962846,-1.17059007790923,-1.05740144301705,-0.685488283591783,0.149306004705239,-9.36772835466094
-0.257143975738084,-0.166349550449531,-0.263513623026352,0.337122781114665,-0.453213264608402,0.463524857015493,0.494928134146518,0.38257132367256,-0.137037698082051,-2.6387437263022,-0.590789408267383
0.291289097844927,0.851385964543087,-1.87073567208969,-0.417954408228051,-0.973017622197685,0.556569350284772,-0.118012169905315,-0.00998872161149401,0.402058605544476,0.51258733003231,1.82628985336541
-1.09446471014286,-0.182911606412758,-0.425576545596036,0.510585333589466,-1.33503070702159,0.456266949648323,-0.321377192954743,0.0116266941201522,-0.829542231584061,-0.641038982613479,-2.15141379887733
-0.631799110271566,-0.62544507446921,0.466319704896592,1.09335994054841,-2.38055655943963,-1.02950346100054,-0.893056534738021,-0.647314078373854,-0.128014113071771,0.265909009315609,-0.174015999686349
1.72657704876341,0.323104194496734,1.79181179636635,0.117548200513824,0.372995847868419,-1.08850590518039,1.35967914771435,0.116375333741807,0.530250617513164,-1.19031557861164,-1.49637572431122
0.365867265990135,0.94241932200387,0.415384412555661,0.397918332982159,0.901159744681946,-1.06423038138743,1.41680009754341,-0.0960396784095346,-0.214618932940223,0.388122770531153,5.92840440901856
-0.993287748858127,-0.250893891336368,0.116298529444073,-0.822642211301725,0.341841472654406,-2.19541849685312,-0.456825941423451,-0.82486626958844,-0.0858454914919441,-0.929717351740129,-4.5672565499566
1.04558881629731,-0.726230562790941,-0.212023852630714,1.12132244961387,-1.03177226210773,1.48487686418518,-1.33787164349043,-0.0790640524917009,0.321086062537633,0.365355377630085,8.19078646556372
-0.477217431078206,-0.165226073973104,-0.75225854743634,-0.404922980611589,-1.29250952406317,-2.15718522298702,0.289331103025017,-2.34858118880878,-0.551415492199437,-1.95314601949824,-2.98091392917472
0.617157034568193,-0.176368800793951,-2.09361350461301,0.674514631987296,-0.669480128899586,-0.759064736941717,1.86020582587192,0.916994357680104,0.15264067289771,-1.29020298267852,-3.04609568521649
2.83912917079269,2.9572389231569,0.944063788292982,1.45641485903699,1.72942530358612,0.0984421184066341,1.50736427029431,1.64451258083736,1.78217694803965,1.112994241547,9.77604882288681
0.0536253212061674,1.14273562653827,1.14747230414773,0.265738828641605,1.18899714816963,0.325155878073705,0.597095913616586,0.182679357197968,0.277946452371191,0.0233067856805821,6.43292136524714
-0.853783759868396,0.187087724133978,-0.569378642509132,-0.400101768667347,0.455937301908266,-2.0945630410998,-1.98262253904411,0.00871017624509697,0.0123227462225417,0.345505710709763,1.77707511686705
-0.122784580728878,-0.763979897259904,0.772872311290722,0.128461375115705,-0.982534838477731,-0.753240572700194,1.09346094918481,0.546822643833413,-0.353298748777162,-0.856701347181072,0.0493365187337846
0.435922023569717,-0.503018642473712,0.209238273863147,0.520368634896641,0.378177343854167,0.0545806281176355,-0.0679516651024974,-1.52241238275291,-0.214618932940223,0.183058199644254,3.72658013322672
-0.048131209939779,-0.633736603180546,-1.73121013341624,0.748291474876315,-1.06487582209979,-0.498436168467658,-1.27871773326157,0.0733524250181494,1.08825675140909,-0.210930935010932,0.366853087144371
0.249938616062932,-0.178756458758326,0.187286697609905,-0.146987598804417,-0.439213278257239,-0.753240572700194,-0.672665290033249,-0.0614047958215071,0.209264468928259,0.660769073968831,3.00054897799174
0.560320426608061,0.535596427786547,0.434351556626166,1.1304467481698,0.526574140383242,0.69997310634008,-0.224033472661536,-0.568779862005913,1.17202793499994,1.38741496932575,7.70578558975078
0.859499287949533,-0.460025820790454,0.864417812563314,0.569488491519338,0.854721860816104,-0.522686291070352,1.92128866623017,-2.14593934580352,-0.0903958549036704,1.37995512059918,5.24758073149842
-0.321931480051805,-0.691788543509196,0.0315710015472635,1.15828422881734,-0.103230303082481,-0.383392757074142,0.917261030167852,0.929295257320376,0.657797249941567,0.943514400911802,0.99264130074248
0.191732160653399,-0.734783519074887,0.0731597961069547,-0.172707839654266,-0.32639466432307,-0.907561459878106,0.638121387952735,1.14178441153351,-1.20190626663431,0.571200614224963,1.29541191891738
0.519843826559128,-0.922944616569383,0.546112786583961,1.03731774448328,-1.1786783269658,-0.266311764868818,0.942130233868211,0.881963301969562,-0.927446714722125,1.4084635499305,1.65730593799474
0.199736597053662,-0.309072829785122,1.67281094968645,0.80113145592771,1.20135162200548,-0.306025759721332,0.769040384744117,0.947579373259745,0.684395234212572,1.7021964282256,14.9532579041936
1.07936580212685,0.304730089515338,0.70203459623481,0.436844198093682,-0.198906099939624,-1.02629287139096,1.82729115531969,-0.184811531188197,-1.35562263400577,1.71329547211226,-0.365276032462398
1.00900426905729,0.644899795613704,-1.02302826671918,0.841700818475372,0.895922597371577,0.775266443827562,0.477527764203476,0.748391234536055,0.461497786889348,-0.719735293963427,5.56738570039616
0.314924908648492,1.49613088094453,-1.41410328057349,1.9674842190383,1.66950115664208,0.629211886975234,-0.51904926147688,0.748391234536055,-0.107819623050596,-0.389169733846911,4.09286459497367
0.957223703195833,-0.160463276067033,-0.600629417816981,1.18189531625898,-1.51928683679746,0.79427700569699,1.07455180580017,0.0807014777161397,0.826673611008251,-1.06391238050833,6.15343738676656
0.339924686111891,0.790987881962663,1.58973623357654,1.43812087686033,-0.201359716823467,0.0255091604434261,-0.00818514578561796,0.872556172766948,-0.986679120221404,1.28773602735841,5.43096814129546
1.00900426905729,-0.796453486798967,-0.886613296217352,1.18189531625898,2.50016823759236,0.629211886975234,1.01789222938616,0.907634101592166,0.647440205194349,0.247169201297847,7.10622649006533
1.98560557169282,1.55498482897064,0.827321506028856,2.07267221133546,-0.736862108579675,1.51051268643561,-0.130303804556058,0.734324098027221,1.1015233672586,1.52776387323681,5.22314041247655
-0.620043406568993,1.14645905002034,0.345042941276507,-1.77226159170542,-0.0370744182793425,0.277231973612225,0.916300801998062,0.129235997875888,-0.390694073017732,0.0233067856805821,6.69089693701369
1.77450634014295,-0.511109112048246,2.24152075026157,-0.0489087279305732,0.00308004702453138,1.37084589112207,1.52539089643319,0.47218864429838,-0.289883280946311,0.345860716363988,4.76926018633218
0.950218581732448,-0.160463276067033,-0.353333713167688,0.240613483411783,0.227660272364663,0.621821191504831,-0.556157182049366,-0.917851135499591,-0.0280430559982731,-0.764189426636677,3.0439396343703
1.19103897763514,0.0348595720617505,-0.696573906298534,-0.483265702500319,-1.1635081808173,0.829231295570176,-0.955053213604727,-0.00998872161149401,0.451254186814972,-2.17461184608197,2.94501452519142
0.291289097844927,0.0542378676813267,-0.528900531198379,0.217160238486252,-0.179183222371151,1.94798597993364,-0.205089168973649,-0.420927996577009,0.053957334465683,0.365355377630085,-2.67677615724457
-1.18936535962203,-1.39636793695981,-0.0664595606001867,-0.124340297353588,0.22992302805406,-1.07641514441854,-1.03000305147676,-1.12943071447101,1.08825675140909,0.138795303413523,-1.23217813346593
-0.827738918604398,0.685206404506673,-0.849453814188973,0.492214714830567,-0.692283466096195,0.0596619796922206,-0.78432730378725,-1.42627917455253,0.349919767372908,-0.220160290544902,-2.89674083277973
1.00900426905729,0.49821522141677,-0.120575064339613,1.18165608051577,1.54874388669538,0.757265787437365,1.01789222938616,0.322738773906009,0.378971651582503,1.26712481640073,6.1615251138243
0.087672427370092,-1.28966788908871,-0.51309433777121,-0.338699825739815,0.509137257086997,-0.262325368989766,0.436259591872638,-0.213687352015911,-0.12120298755029,-0.180697381715252,1.38001591498461
-0.832908154382707,0.813248719130862,2.45608317121405,0.836740633135896,-0.169409795699161,1.55832729871781,1.20702550293326,0.947579373259745,0.849731977052612,1.87861045376702,7.17519007267455
0.317806169380436,0.623662260536231,0.0939145980642875,0.196633435257514,0.901159744681946,-1.06423038138743,1.41680009754341,0.417162356811749,1.69889535256995,0.0759705448540264,4.78085513326006
0.352343495545748,0.228906709798447,0.223306887797669,-0.683134892335717,-0.618903709353569,-0.932241820862945,0.385307991166578,0.297805905771445,-0.599845795832737,0.467257679006927,1.57739470767324
-1.65063068771498,-0.28253115702052,0.465967174453872,0.525219146861325,0.0861811485438022,1.93583600948561,0.45926539575436,-0.124760685452026,0.436226390216811,0.188314855877898,2.92267365910629
-0.156156007500775,1.28140787713996,-0.370305214969645,0.910990202371679,1.22534288278694,-1.00075603251386,0.120989631766018,-0.347446829393623,-0.105419410183406,-1.10946156228263,4.53777282993231
-1.14573646167914,0.308507810347879,0.895647083048219,-0.0347387309624467,-0.271177601641275,-0.426168655273269,-0.433427487057349,-0.350867991101117,0.277946452371191,0.519505557790043,2.52862839876169
-0.871346066521335,-0.972991550722847,0.489807489037883,-1.69640442398054,0.204373998105369,-2.19541849685312,-1.76293249963211,0.942426167139826,-0.797715834593215,-1.19270145246419,-6.0601757995778
-0.409542416537106,-0.121009343668842,-1.87111606568583,-0.725583068307237,-0.143080978138446,-0.567316470963934,-0.280855602521028,0.530551128348747,-0.936395221934904,-0.0803699831426182,-2.69005687818303
2.83912917079269,2.80755698154772,2.29801003604094,1.45641485903699,1.14975487080187,0.0984421184066341,1.23967431266155,0.634252465033419,0.513375087061725,0.650210194114403,9.02201991336797
-1.22873957868209,0.776359807682779,0.895647083048219,-0.0987872761206114,-1.09130358648628,-0.60396276835155,0.378050676607322,0.849696868998552,-1.33004103447836,0.976854383048594,-0.260494830894077
0.199736597053662,-2.08030173350386,-0.586225674694955,-0.641645558212042,-0.474379719968344,-1.16675690248788,-0.778870324550522,1.75205991995492,-0.963383942106904,0.783267905022967,5.43096814129546
0.260308818671451,-0.178756458758326,-1.26956325496212,0.0475616441076293,-0.118487167188293,-1.2544845277967,1.21490406448688,0.928726472617034,1.39745404790959,-0.187982163689549,-0.147643570110923
0.584755958572992,0.0615155636203872,1.10058892338703,0.715537321997514,0.427192737518665,-0.573917780618298,1.92128866623017,1.43572284521438,0.738433769304591,1.87861045376702,6.99135864182047
-0.227596383939583,-2.24698741819515,-0.309855957983549,-0.124340297353588,-0.203677974235372,-0.508820979963414,0.638121387952735,1.66623378694862,-0.351508657433572,1.30128484434597,0.99264130074248
-0.202340110157593,2.62533114624056,0.0360154475552377,-0.46084977755261,-0.0786226870283411,-0.483799581352439,1.85926064405783,1.32983401695411,0.0843238448642691,0.736883830282167,4.55061607730744
1.5361011016818,0.741979079887113,0.826223197103398,0.257088118137982,1.09248668409991,0.24073926256936,0.259186495103046,-0.691542372504706,1.07125741083581,-0.58528368840301,6.31607760706853
-2.17154183667915,-1.15580702517685,-1.7856125104488,-1.18044699874672,-0.629048999860454,-0.438849200042254,-1.19953062956873,-0.980192717882958,-1.46536389396713,-2.13155512674114,-15.5967945643338
0.812596610902911,0.497668366841056,2.78817730160785,1.27290164364334,-0.644003321983096,2.31182075393199,0.72161788436938,1.57428701907198,-0.450647841325988,-0.0250905172448539,1.29541191891738
0.239378836558902,-0.178756458758326,0.187286697609905,1.1304467481698,-1.1786783269658,-0.168691068846862,-0.514936357685839,0.151139152686059,0.282321269814359,0.472027771090784,-0.15206718419667
0.965168375902871,0.942663215675751,0.612413900028674,2.53593540093145,-0.380246976793726,1.3025818259234,2.03783164122646,-0.402075744701838,1.38928792951031,1.45481115625575,11.9340936200287
1.62160209402511,1.30526710704752,-0.924786892472818,-0.295603081387741,-1.68963250480176,-1.88189890173694,-0.224198536393755,-0.50348013451678,0.287144270921898,-0.652896950150609,4.15291305567775
0.749171651482556,1.27960814361919,0.244500236196034,1.36742001268004,0.540702466959674,0.457343688853144,0.626391511866035,1.77282964851677,-0.430347965037782,-0.903342306945153,11.5872664825344
-1.39777571821302,-0.665105363291415,-0.391712610448895,-0.747230282078992,-1.41388985080117,0.35956361776565,0.259067668805552,-0.988375876391596,-2.40119860376307,-2.43586969570948,-8.86967837068269
-0.267178402959121,-1.76868466470498,-1.28508999949594,-0.543974658986988,-2.08913063035527,-1.71338261556167,0.368918192559536,-1.89912960376858,-2.15495782003004,-0.439989609633598,-3.55883388286739
-0.334130364542292,0.0810780076381758,-0.836255895194188,0.10005229602661,0.455937301908266,-0.773896404036322,-0.465162338729682,-1.24384523487955,0.053957334465683,-0.361025701110288,-5.45987708692547
0.218809524064935,0.966109101739349,-0.0759837233896527,-0.389589700500292,0.622443277448742,-0.0269116051743759,0.0039299364696166,-0.0591531260504877,-0.964430792485529,1.12267004247669,4.54276970577245
0.48728763579546,0.555650430534157,-0.608279702873333,-0.417954408228051,0.431110206457932,-0.701306593025023,-0.833462067204813,-0.883718832895792,-0.964430792485529,0.351303580390869,-1.70927857929425
1.53323497680728,0.183696205127786,-0.415584551057745,0.618338698635842,-0.337034095817186,-0.38522437135161,1.82729115531969,0.309301458763017,0.407539358016272,-1.19031557861164,-1.170473830274
-1.08727359459473,-0.35651148844885,-0.0864152044101232,-0.930587363481587,-2.63533786906271,0.465269092922153,0.757235068788547,-0.520238570520525,-0.513490380092001,-0.263622041607164,-5.27311376548159
-0.730582190824336,1.48322871807411,0.345042941276507,2.54758947101199,0.276882349774972,0.533347828590096,1.88828034957625,0.0351592371285644,-0.652069841876027,1.09907300376418,5.15659168486741
-1.17139110905974,0.308507810347879,0.450123198819762,-1.51562835425025,-0.0389213449196696,0.277231973612225,0.469205425081912,1.49040325554027,-1.5125169171692,1.13175627400801,4.49816293679813
0.603362468190534,-0.938028174655589,-0.0705614342619073,-0.437129484823106,-0.6814554928566,-0.335889701857324,0.638121387952735,0.417162356811749,-0.12120298755029,-2.27526215378061,-2.40917288764094
-1.65063068771498,-0.28253115702052,1.44915128316916,-1.07221704506622,0.82993192080924,2.80144140719983,0.480977187841251,0.764832439854764,0.534415419526325,-0.0416630776754197,2.388152267918
0.200473606685826,-0.102195599380688,-0.917398981816446,-0.746847789792637,-0.566208225087039,-0.200564334762765,-1.56611015879534,-0.947349360964613,-1.7652807660209,0.256773628499763,-2.10563930088159
-0.665136387508979,-0.929756742671423,-0.401796431402365,-0.678216045363394,-0.808348967246167,-1.59657268525337,-0.244080361114611,-0.430568668088662,-0.865484436660703,-0.313481213490061,-7.15882017974908
0.117032341294189,-0.338999780443997,1.67281094968645,0.65610344146759,0.382190084792772,0.951158171218779,1.59321198072661,0.947579373259745,-0.0423250221575575,1.66596712005268,9.27502122660755
0.313904276203676,0.452764461830544,-0.577181979385748,-0.0595389693164588,-1.02935253217654,-0.307246490487276,-0.0768240345018009,0.407608097336663,0.538810351854606,0.04466510708189,0.182029249206352
-0.76689468306366,-2.17298813185325,-1.40600700505833,-0.740860810867115,-0.518129095799331,-0.90371064491013,-0.0278001544608049,-3.09803157216235,-3.34351965067067,-1.20566966051479,-10.054256498384
-1.32227070640305,-0.465161659818168,0.451170698054029,-1.51562835425025,-0.0706654857341203,0.387732156648746,0.303601197459248,-0.14956637032883,-0.18717662212091,-0.596960091559834,-0.590789408267383
0.291289097844927,-0.285648121991664,-1.26956325496212,-0.298750413233328,-0.703193241049827,-0.589776416547524,0.0786636369357112,0.155171091091588,-1.05367149485357,-0.219774445447052,-1.08164857121863
0.962732322696258,-0.674099604265089,-0.246573898856082,0.618338698635842,-0.590649877110776,0.076023341087913,-0.257035459228808,0.533629871215112,-0.450647841325988,-0.360771414439497,-0.627285016916992
0.822165454060786,-0.419270945112538,0.864417812563314,0.75745802392585,0.455514830795443,0.951158171218779,0.799334183167972,1.43572284521438,-0.0903958549036704,1.45768387502417,6.02913589895521
-0.956815865196589,-0.90962881717662,0.255593058242581,-1.3269728733631,-0.0706654857341203,-0.472169326087577,-1.76293249963211,-1.41917758642697,-0.78055624889181,-0.327259713865688,-5.77015629528811
-0.426520471015609,-0.121009343668842,-1.87111606568583,-2.24542336831294,-0.801835133221237,-0.517182409719122,-1.71673310535351,-1.42627917455253,-3.34351965067067,0.0447055948413948,-1.58351412461582
-0.851323931832413,0.685206404506673,-1.60046387137556,0.384456044746068,-0.339736835015857,0.318750835934206,0.0479336662226889,-0.43337517930939,-0.107819623050596,0.391094756734947,-1.92522734325773
-0.669691150127831,-1.29982082113238,-1.43993635452878,-0.309886662620364,0.332107507194089,-2.0945630410998,0.518937549095352,0.560575440604415,-0.936395221934904,0.245194406644285,-2.42341175854342
0.339924686111891,0.790987881962663,-0.0207389658222639,-0.804919034589809,0.375121815382217,1.75201424389258,0.202415660528994,0.574966522994607,-0.10539229208977,0.779454414944582,6.00781608716791
0.965168375902871,-0.160463276067033,-0.56700985671608,1.84376523592524,-0.264099779566683,0.126003246222027,-0.104132637744485,0.18248952032299,0.78088245110601,-1.44909686524127,-4.24401275385872
0.0536253212061674,0.808259684802494,1.05673768707494,1.6385581756319,0.117027285601263,1.60291112951977,0.507326408580832,-0.402075744701838,-1.3149596588441,0.269045873339004,4.45932584116193
0.199736597053662,-0.102195599380688,-0.414051083064282,0.499541873894556,0.123255516457181,-0.55808039472776,1.35380985708455,-0.190683186418531,-0.351508657433572,-0.421940370843774,2.6408231899684
-1.07588094728349,-1.36076000296103,-1.41948076260364,-1.36397051158216,-0.521779887219849,-0.67932788421557,-1.31042226594755,-1.42627917455253,-3.34351965067067,0.930380412847551,-11.0725478885596
-0.382111632251997,-0.851003281582917,0.144824424769805,-1.3269728733631,-0.188643049175654,-0.472169326087577,-0.626747234653068,-1.41917758642697,-1.92422319578955,-1.55507233949033,-4.28901638955965
1.20434134639855,0.282633787895893,2.14171696408732,0.770892795303096,0.00308004702453138,2.31182075393199,1.23967431266155,1.46193422650925,0.611209640066167,1.40425798720011,8.94865505893134
-2.41237755814644,0.15274600941927,0.08988039163009,0.377001800785123,-1.85724072713924,-3.04421603357246,-2.21934220408777,-0.770797780987869,-1.30701381155732,0.102939567509513,-13.9720753176881
-0.502537693728472,0.609151093024748,0.804268984612723,0.242367896005024,-0.239988026113219,-0.175002988188837,-0.216970142138255,0.639969199327573,0.277946452371191,-1.35070496318456,-4.45539606688887
-0.307420187027156,0.608199169745327,-0.0555759522815941,-0.654647720846697,-0.702744670334636,-0.724824656060668,0.238150503703466,0.420713048008603,0.034484747265245,1.66945032241556,1.82628985336541
0.217159314381767,1.36012226886383,-0.370305214969645,1.45294301889418,0.0652548149048598,-0.0180898089263219,0.925254040491402,0.18248952032299,0.345427433962864,0.269346619116023,4.17010944453557
0.579554395343405,1.11924638065966,-1.80489069838243,-0.658630583369759,-0.58562615222658,0.0913031292205747,-0.118012169905315,-0.492253287035925,-1.53147730062498,-1.94950829943299,-3.61198724377171
0.719427413425718,0.740936185516393,0.260609569513537,1.36742001268004,0.737843098783476,0.457343688853144,-0.424802752806613,0.18248952032299,1.17202793499994,1.45481115625575,7.45965121514924
1.22221978832846,-0.303661328608407,1.16404182892075,-0.814801692777401,-1.11866570931902,0.79427700569699,0.529566950399745,-0.52281556691903,0.194230913990548,-0.938154406055468,2.94501452519142
0.058449429455439,-0.901567851612457,-0.51309433777121,-0.338699825739815,-0.735272706160052,-1.16715068511819,-0.287030646061495,0.120144714186703,-0.81231889398195,-0.219774445447052,1.2005860002386
-1.75105638906071,-1.05125937643608,-0.725292386846729,0.224306784287707,-0.871801055708024,0.626747543909301,-0.78432730378725,1.30060927564424,-0.468954385893101,1.51558092939101,-2.15141379887733
-0.671011765162701,-0.778331239043827,-0.0850576500211721,-1.14677336673946,-0.367951990737022,0.07863809734305,0.032633808027995,-0.342880416840879,-1.76369426797953,-1.54513025898511,-6.84961487268971
-0.0552924602322848,-0.633736603180546,-0.883480414232518,-0.180431790695396,-0.702683731163051,-1.47355874015642,-0.598040609889151,-0.10904175064769,0.472117856840151,-1.17917562862162,-3.6900876697166
-0.589251862783554,0.639359006916649,0.745926308227758,-0.0987872761206114,-0.271177601641275,-0.663205693427064,1.67871859820533,1.15177951906272,0.893487051647502,0.000247401930484797,3.84508478832672
0.0634719243174504,0.808259684802494,-0.1248988449915,0.711662998102571,1.08240616441243,1.13650507141767,0.374326479677685,0.422142433717242,0.0190455541276079,1.12267004247669,9.93989622894449
0.253112980105326,-1.318665231536,-1.64149834516321,0.377874239862882,-1.06487582209979,0.15756361281247,-1.33787164349043,-2.02665967362222,0.547360092392164,-1.06391238050833,-3.47208790367922
0.674010736804659,-1.3477890039629,-0.897416657983525,-0.461419707111983,-1.0183566782097,0.973715783892362,-0.598040609889151,-0.717727151863493,-0.454034597510964,-0.869515376228245,-10.3230224482745
-1.53912000597601,-0.0408208726700217,-0.588014770600173,-1.34702284084765,-2.63533786906271,-1.09853983171551,-2.33360600190753,-1.5963191295933,-0.697841103742615,-0.926603639577485,-7.94452116315665
-1.41119097303462,0.449725510765312,-0.591069406288862,-0.783744233379859,0.868228647945754,-0.280998409866383,-0.0228891979029977,-0.302735651878155,0.375599933671859,-1.11585282035697,-0.855545696764395
-0.149431971189641,1.68142402710469,0.0360154475552377,-0.563189756556731,-0.0786226870283411,0.277231973612225,0.503100682975283,-0.562582194511188,0.409405448847779,-1.03886824386158,0.813631191094321
0.512905214535869,0.555650430534157,0.587527897955837,-1.07665973463152,0.0656016434996141,-1.09025546719983,-0.297502125663676,-0.634294948541966,-0.14369104282595,0.683183413387013,0.707404875050894
0.291533980672794,-0.290470814262604,-0.414051083064282,0.718355551572844,-1.38361890660393,-0.168691068846862,0.837204346963236,-0.295741924480635,-0.128014113071771,-0.219774445447052,0.220702008564045
0.199190401736887,-1.10171194327365,0.961315273401459,-0.0357577147260693,0.525263536049698,-0.166605658281136,-0.644069461743151,-0.245432487033555,0.277946452371191,1.37995512059918,5.00723618502214
-0.502537693728472,0.609151093024748,0.800014924293608,1.57482573221479,1.19203640912305,1.35575245596596,1.67871859820533,0.974407769108423,-1.3149596588441,-1.35070496318456,0.806171697463516
-0.854972096427903,1.39988499313301,0.86600484966639,-0.393250090499731,-0.0414663896538839,2.02374829807408,0.480977187841251,0.422215243416823,0.0123227462225417,0.0233067856805821,8.46024329851565
-0.123832390515257,-0.763979897259904,0.772872311290722,-0.0277094284869425,-0.541821110225456,-0.907561459878106,0.186660863593103,1.15177951906272,-1.33004103447836,-0.267102199603558,-2.62459104613473
-1.32947270813107,-0.512738727786573,0.13234938634579,-0.453336956332283,0.130208902659749,-0.996760518534079,0.259067668805552,-0.809662883574201,1.16346839929128,0.919361919359203,-1.23217813346593
-0.202340110157593,2.62533114624056,-0.0592161561965816,-1.08268050203479,0.155121857782743,1.24474989236885,-0.241871227565849,0.489775601256375,-0.953319578201725,-1.56077550972028,-2.23080738017404
-0.0729021575619517,-0.042974131764614,-0.245273812862602,0.806273192610981,-1.33503070702159,-3.04421603357246,-1.81642802936471,0.970995386799526,0.222473946025223,0.196433528289456,-2.35679243721204
0.824112879886736,-0.131427816533443,-0.552654036584867,-0.483265702500319,-1.08260334800641,0.829231295570176,-1.4562411138563,-0.968735788844834,0.201292582355559,-0.263622041607164,2.59244381700058
-1.08867818023814,1.12472594211949,0.46444813669341,1.10669740537797,0.0434097578822859,-0.483799581352439,1.16726667964427,-0.137388079735772,0.329750024631208,0.862305428589277,7.01108733475971
0.862454963481177,-0.587118460132252,0.977846720570953,-0.153244621656674,-0.200616214500234,0.473206642462534,0.0395177622929147,0.47218864429838,-0.250625097525435,1.6476090672675,-0.590789408267383
-0.501755481233146,0.609151093024748,1.18379533354902,1.94954039805194,1.60532978017014,1.35575245596596,-0.216970142138255,0.00260320081644056,0.0841575549809753,0.432732331707207,4.35861613751209
0.519843826559128,-0.0677668411623212,1.07532484862093,0.251988188938578,0.427192737518665,-1.08850590518039,1.41680009754341,0.604073442820455,0.424073150191126,0.296301368024048,4.68835142009481
0.199190401736887,-2.08030173350386,-0.253171824195051,-0.104263763204855,-0.306549012209281,-0.737490661862707,0.448968947679208,0.355141273578243,0.235975630571174,-2.27569109956826,-2.83534450147957
0.239378836558902,-1.318665231536,-0.897416657983525,-0.384613562512263,-1.0183566782097,0.973715783892362,-0.825072417320803,-0.0679982252757476,-1.7652807660209,-2.43586969570948,-1.08164857121863
0.161749656278886,0.826324432879574,-0.0425873526792321,-0.241905814753844,0.128702761916285,-0.114584140247912,0.638121387952735,1.14178441153351,0.842675331277438,0.55522204194243,3.77996503548197
0.754143524978035,1.00522210848795,0.50734179849821,0.757127516987067,0.821901002899685,0.0875523144830512,0.308803937272378,-0.402075744701838,-0.637585488153338,1.71329547211226,7.45965121514924
-0.0791256672591794,-0.0566560878087468,-1.54433623481857,1.35800900779391,0.0730761888001063,0.629211886975234,0.681772504791919,-0.606465258886402,0.175641746734534,0.435734951743609,2.87887761807925
-1.17139110905974,0.284997379897441,0.408108606590455,-0.566058518665464,-0.727215302049485,-0.244788824502856,0.213607248068147,-0.351174445318948,0.0843238448642691,0.699174896714468,2.12344564783063
0.398969951074246,0.877917111841547,-0.716000057921152,-0.793851856184226,-0.118705978520382,0.28313915814062,-1.24143329741912,1.45020932602205,0.235095854331379,-0.01970133815631,2.43219818849852
-2.5096681665999,-2.37909850030393,-2.81912704270612,-1.77254940147072,-1.65011865417596,-2.53245084061436,-2.12696224924843,-1.5963191295933,-2.19645716634901,-0.552652262926558,-11.8094082103107
0.401646359731505,1.46152280688239,2.06438726273645,1.4884342415385,1.16754300730866,0.950320472230025,1.44503048539968,1.57428701907198,1.31836326198449,-0.0250905172448539,9.68083935355119
-0.0791256672591794,-0.237588285444666,0.188074346249033,0.464045661143713,0.171117680559214,0.371150685812914,0.923162504782635,0.498958938994276,0.120057683817738,-0.0210844545204186,2.37550876399941
-0.515683287345489,0.522785276658099,0.804268984612723,-0.0847929189595115,-1.09130358648628,-0.983675387227796,-1.27871773326157,0.164338630069121,0.176835508724676,0.533422059333801,2.05635576849883
-0.247929008613461,1.49086868397824,-0.0592161561965816,1.96510138347007,1.01137282954751,0.447589249636106,-0.66654807231851,0.812357400032576,-0.105419410183406,0.0803538971597125,8.46024329851565
-1.22873957868209,0.776359807682779,-0.46615921407242,0.256626760918556,0.166873117449753,-1.03576502238394,1.20609859469309,0.00871017624509697,1.3389321452038,0.308333647449435,0.951760856833935
-0.395044364641621,0.0150618137274857,0.131621268850379,0.253856971272342,-1.01792520071918,1.75853310854543,-0.92366735983315,1.25295388048729,0.349919767372908,1.06661008159249,0.149717752580302
-1.34123640676045,0.115608375670306,1.10392204306778,0.162960402352264,0.525263536049698,0.164298868062135,-0.689362714208715,0.604073442820455,0.277946452371191,1.69957629912392,0.101784372530911
0.317806169380436,0.623662260536231,-0.0555759522815941,-0.26687145530828,0.901159744681946,1.95861631081106,0.0039299364696166,-0.0410452116990975,0.244971248795724,1.13912206067703,8.31149650345115
0.563706915942356,1.71880288959845,1.58679178458531,0.418092327879727,1.71946600935723,1.13428451363614,0.303930659663708,-0.184811531188197,0.749065283417635,0.663113307108357,10.195441679822
0.990244561682337,-1.66038011512859,-0.253171824195051,-0.763353048090906,-0.175965104973381,-1.90164247931396,1.73230284774033,0.00529005507872187,-0.924932640684211,-1.13858665371315,-2.02055914646111
-0.403121763129729,0.0150618137274857,0.307172676313458,-1.45938603581578,0.0834751060962047,0.503759721783587,0.475054089424443,0.498958938994276,-0.394385247720989,-0.0416630776754197,4.03758116867463
-0.0850679677181692,0.49574788613476,-0.0555759522815941,0.933262610428417,-0.00630954537915876,0.277231973612225,0.866377423629015,-0.14657927646901,0.119844891131261,-1.21166196934595,2.31017144827749
-0.111925368427177,-0.860436685065585,0.772872311290722,0.285858640286238,-0.939937135325363,0.541235984179707,-0.953106396915874,0.787840043707425,-0.353298748777162,0.000247401930484797,-1.18596360011636
-0.368553651984292,-0.791687229029247,0.778603011255632,0.283738808660237,-0.367812336676944,-0.108678622831642,0.819670701627957,0.903291632301153,-0.455421276645445,0.000247401930484797,7.43248594733826
0.0558601965934612,1.14273562653827,0.103716266946789,-0.241905814753844,-0.593785764889324,1.37592856590199,0.847654873528094,0.812487272898065,0.676805897820347,1.78266337936788,6.00892831194475
-0.119292431527911,1.6883437979586,-1.54165370853205,1.10882379703195,-0.58562615222658,-0.492853758039916,0.471500543564447,-2.60688353422201,-0.351448473459721,-1.33623101993765,6.43990220278205
-1.20253628187403,-1.95177827704759,-1.19046930979357,-0.313298529504386,-1.38610625445222,0.228608066949823,-1.20198084091899,-0.290273311424465,0.526517959767119,-0.75378666261852,-3.92131116452799
2.02942411680398,-0.165586161905124,1.45071694995923,-0.0599673215125539,-1.11866570931902,-0.612780609222617,0.672586213396355,1.14909684324324,-0.0620912136176995,0.976854383048594,2.70384915564158
-1.54540561621507,-0.103466843351861,-0.588014770600173,0.0994774802859483,-1.26584006886345,-1.59432498722538,-2.21934220408777,-1.06074388488908,-0.751112211712106,-0.870159375403281,-13.9720753176881
-0.730582190824336,2.11873223207622,1.09484521924568,1.94954039805194,1.47530369920191,0.0197636936682784,1.47634977673163,2.07162559166202,0.375931678884665,1.33814092848413,9.77604882288681
2.08808254341844,-0.488264198478756,2.24152075026157,0.770892795303096,0.00308004702453138,0.056658423574905,1.52539089643319,0.171634391397328,-0.289883280946311,1.59532749166913,8.94865505893134
0.412384047353218,0.877917111841547,-1.24419196145316,-0.793851856184226,-0.58562615222658,0.422174761902862,0.0786636369357112,0.0678419623040412,-1.03207844874659,0.195608312518607,-0.679510228660528
0.29738611167111,-0.249267042746525,0.187286697609905,-0.90428737157738,-1.24641081921641,-0.932241820862945,-0.249445981662092,-0.0614047958215071,0.393112328779386,0.176214683077654,-0.434288700628928
-0.272654228493796,-0.915005498392933,0.581508520720945,-0.295970311298706,-0.717794082407016,-0.650213385272407,-0.00275832660595525,-1.61661364003968,-1.64684559511374,-2.52803475405903,-6.13708722397871
0.365867265990135,1.2839947266227,-0.626742305708302,-0.417954408228051,-0.543626613924872,1.70778124852215,-0.833462067204813,-0.00998872161149401,-0.964430792485529,-0.452922511493858,-2.02055914646111
0.990244561682337,-0.122356460118098,-0.600629417816981,-0.903833460429922,-0.613669542528029,-0.797361395717144,0.0767740881958754,0.77299399043244,0.138546289503533,-1.07911892083642,-1.10726205968487
-0.579710178415878,-0.519558006798371,-0.505062635595261,-2.13357460947102,-2.05414782796855,-0.517182409719122,0.238150503703466,-1.89912960376858,-1.58088270209917,-0.169936341927547,-6.63691136085076
0.505328544553034,0.395476118713696,0.587527897955837,-0.699417657880821,0.11203782029689,-0.017468880219282,-0.975478338437839,0.569739468227383,0.201292582355559,-0.0600053565245582,3.42830455830953
0.263962174892385,1.11282103166634,-0.0610124128833341,-0.804919034589809,-0.118705978520382,0.60857465530597,-0.502811368574415,1.45020932602205,0.065607220160324,1.1562048383463,3.27450973950057
1.48756896148574,1.3352257120177,0.923897989615785,-0.73343471840936,0.552910119254296,1.52095110283536,1.03347600130291,0.0118486060614865,-0.348754529513583,-1.19031557861164,4.76926018633218
0.990244561682337,-1.66038011512859,-1.64149834516321,-1.49517758510471,-0.801835133221237,-0.570464159983949,-1.07007965526948,-0.0614047958215071,-1.05367149485357,-1.8645502596818,-2.02055914646111
2.13015894121768,0.872706935664657,1.78468312567617,1.0600144225172,1.29498909529865,0.134137314173721,-0.424802752806613,1.8722233078158,0.715099704731316,1.65230579508856,13.3994030102317
0.0504545043836404,-1.46600818913169,-0.51309433777121,-1.09027395128564,-0.161000191244891,-1.61416490577824,0.0767740881958754,-1.01878891137047,-0.390858712791258,-0.322693637031476,-6.13708722397871
-1.3823666334442,0.251060561794232,-0.0176788643029259,-0.24170512820507,0.365913777627468,-0.0716225522068342,0.213607248068147,-0.809662883574201,0.0966290944173767,-1.56077550972028,0.256145381500764
-1.41119097303462,0.449725510765312,-0.455193159765852,0.0778635595285983,-0.155224909549046,-0.247165386849246,0.0215456699491628,0.530551128348747,0.314178440334466,0.0803538971597125,2.43219818849852
-0.904196945121926,-0.438302062877145,0.036117250450476,1.15828422881734,-2.38055655943963,-0.371852965513181,-1.65353637734422,1.31149021698958,-0.267363562125002,0.0803538971597125,-2.09109391970487
1.00448622620167,0.644899795613704,0.586238154725349,3.9472011470477,-0.264099779566683,2.13027920394577,1.19686283220053,-0.208571037457757,1.74278358339218,0.722561747979639,5.13510119266289
-1.33433620593996,-0.657943970681362,-1.22376550079626,-0.313298529504386,-1.05964326704846,-1.94800843861198,-2.08141292824016,-0.837896393671292,1.32626385800872,-0.870159375403281,-5.1177190083079
-1.36060008085159,0.794393356997179,0.250312070159427,1.16078229313529,-0.155224909549046,-0.483799581352439,1.7929699253521,1.66623378694862,-0.652069841876027,-0.768590138755796,-2.72313401230102
0.200473606685826,-0.102195599380688,-0.414051083064282,0.499541873894556,0.227660272364663,-1.40671458381301,-0.0263280937349334,1.39102532032779,-0.762473140607437,0.763038909961879,2.37550876399941
-0.585154477949352,-0.423512129108213,-0.523098525148027,-0.736816575850725,-0.735272706160052,0.35956361776565,0.38701971817638,-1.43958292503172,-0.383948354626226,0.941958026409445,-3.25646466643163
0.087672427370092,-1.28966788908871,-0.961378153462645,-0.807385331781014,-0.819834473268803,-0.67932788421557,-0.612087494005229,-0.902662664502316,-0.454034597510964,-0.313481213490061,-8.95215567534763
0.864584612890238,0.509115686534644,1.09546972391587,1.27290164364334,1.84932865878836,0.707659171931807,0.845720683621683,1.03836213208165,-0.430347965037782,0.595516922338214,10.2223275258037
0.196149619874279,-0.842861435454144,0.598269633816477,-0.699417657880821,-0.474379719968344,0.387732156648746,-0.526224115617474,-0.373519318836927,0.451254186814972,-0.0346735374901899,1.2054602407144
-0.46848056496048,-0.50939475605905,-1.61198643687332,-0.725583068307237,-0.856122723647183,-1.03472434507201,0.889501285568427,-1.30233983995231,-2.15688648638708,-0.680323308503242,-6.12303970816024
-0.904196945121926,-0.826729690765705,-0.950074269418921,-0.996949978516843,-1.39195015324716,-1.19090206570438,0.23335182746731,-0.5492454596154,0.604040106238216,-0.869515376228245,-4.92044786341495
-0.111925368427177,1.6883437979586,-0.0592161561965816,1.35449830501273,2.12466260608852,0.447589249636106,-0.66654807231851,1.06183635852617,-0.105419410183406,0.247169201297847,4.09286459497367
-0.878414176305638,-0.715097198552933,-0.391712610448895,-1.16727912639397,0.800184267955688,0.198692750955489,-0.254566703690446,1.1199713093153,0.882580595444764,-0.428482876916807,-3.95264314334558
-1.47979836801533,-0.268004081449085,0.106644657217355,-0.822642211301725,0.341841472654406,-1.07641514441854,0.259067668805552,-0.364055986075111,-0.513490380092001,-0.770022065449651,-4.09103089594775
1.25961516671571,0.460875940502198,1.30962757382721,1.27290164364334,0.16396461531774,1.52811451687738,2.06600959427264,0.294290965481122,0.292771078113823,-0.683914847727101,7.76173120916489
-0.181354512119652,-0.717689996128067,-0.0935562582402941,0.759502351150948,-0.289119186790211,-0.400958708939568,1.08563441625849,0.420713048008603,0.270302822177328,0.265909009315609,-0.147643570110923
0.735036394789421,-1.70924940606817,-0.221798557117081,-1.49517758510471,-0.387949181204944,-1.82034684807583,1.73230284774033,-0.0152206382027401,-0.390858712791258,-1.13858665371315,0.579982133113215
0.363962069232787,1.2839947266227,-0.626742305708302,-0.793851856184226,1.08128985702154,-0.593000462272115,0.0767740881958754,0.322008314815201,0.244971248795724,-0.452922511493858,-0.398078410750291
0.0504545043836404,-0.107079234047185,-0.706280242794173,-0.180431790695396,0.812449711005258,-0.701306593025023,-1.61060925980449,-1.10150268353609,0.888184676224919,-0.361025701110288,-2.90187040057433
-0.581498562563756,-2.11557528410645,-1.40600700505833,0.258109981029129,-1.41218924967436,-0.577774332494422,0.809669418923113,-1.30233983995231,-1.57875133806391,-1.79725232805679,-5.81810184578196
0.29738611167111,-0.249267042746525,-0.917398981816446,0.234257464113233,-0.588996421521342,0.764343055325003,-0.75413428964394,-0.544061458111358,0.209264468928259,-1.06391238050833,-0.222189238958079
-1.14573646167914,-0.567669413260661,0.228558869834964,1.69579758687607,-0.118901257927964,-0.383392757074142,2.09382952860684,1.03433307190263,1.76657130474533,-0.768590138755796,-2.95682412033887
-0.967006938936192,-0.217305578083994,0.116298529444073,-1.0577116252848,-0.188643049175654,-0.932241820862945,-1.48978813665307,-1.32994069990159,-0.655089379264021,-0.255782519088398,-5.77015629528811
1.08753290197283,-0.361002143807162,1.16404182892075,0.906738022392116,1.20135162200548,0.026733603799533,0.396772951197754,0.174556023235461,-0.625010656767139,-0.0149789421610383,1.56882949551065
0.323383810655213,0.246991210932153,-0.0877933847127785,1.59287938791742,0.135238351382704,1.03184992719402,0.761204212289158,0.528045177558371,0.55498593815394,0.280670051504637,5.56738570039616
0.213681187118889,-2.08030173350386,-0.897416657983525,-1.21029701069111,-0.059270610854511,-0.508820979963414,-0.498100682392168,-0.47491730298706,-0.390858712791258,-1.94750325999018,-8.90510505968956
1.1181306809851,0.977678157405858,1.30188339532344,-0.183877296052207,-1.11866570931902,-0.0852513164614721,0.366325222507849,-0.52281556691903,-0.927446714722125,0.0957473181160106,3.39152776011304
-1.23631952698104,-2.56282506859237,-0.429386571684111,-0.352931929440531,-2.02603728050476,-1.71338261556167,-1.74397865643407,-0.918113905475072,-2.72073177205318,-0.942200559276791,-4.76002938416936
0.0678651046927518,0.352533080611,-0.192309389745072,-0.056884960071701,1.08240616441243,0.484844321338344,-0.644069461743151,0.0872516993018458,-0.622145251761276,1.12267004247669,5.06512376659744
-0.484336893739593,0.762473927628501,0.804268984612723,1.6385581756319,0.492842762998955,0.743914368756956,0.819881291386942,0.974407769108423,-1.17594688758417,-1.35070496318456,-0.241156119534997
0.1717466644079,0.592544680877781,0.899434569602405,0.657178916263903,-0.903400938978315,-0.244788824502856,0.471500543564447,1.43572284521438,-0.108529473042401,1.87861045376702,2.85077963794484
-0.559705272681746,-1.82327570598849,0.493737716684463,-2.1167902754078,-0.839802575099602,-3.18005966733247,0.282908022159676,0.942426167139826,-0.797715834593215,0.783267905022967,-5.5669184443548
0.191732160653399,-0.734783519074887,0.0731597961069547,-0.172707839654266,-0.32639466432307,-0.234620015676132,0.685346691293899,1.14178441153351,0.120057683817738,1.47560139208036,0.99264130074248
0.818776639170231,1.27960814361919,2.78817730160785,2.53593540093145,-1.3720540438561,2.13027920394577,2.12833871612368,2.73803857726254,2.03676695205585,-0.0250905172448539,11.9340936200287
1.28215333448367,1.08734867544534,0.612413900028674,0.790600340062031,0.821901002899685,-0.688305352387598,0.00650843553424309,-0.813808726876811,0.566628149074839,0.764965550669462,6.31607760706853
0.185619725234844,1.26174908808644,0.103716266946789,-0.241905814753844,0.622443277448742,-1.06423038138743,1.11906916051399,1.14178441153351,2.10831575885715,0.571200614224963,4.07629275542632
-0.257143975738084,-0.166349550449531,-0.263513623026352,0.629106917630854,-0.453213264608402,-0.400958708939568,-0.956020543238709,-2.60688353422201,1.08825675140909,-1.02774827692661,-3.6900876697166
-1.42408957596882,-0.812914003439587,1.49745514859623,-0.126579887902527,0.664783102374724,1.95053830210859,0.079809144350034,1.6897881419568,0.10133412806499,0.296301368024048,2.388152267918
-0.845819523188578,0.685206404506673,-0.213732109194732,-0.213900915463879,-1.08543341980062,0.130425336255264,-0.552503572794955,0.306016788148836,0.676805897820347,-0.0217975093012227,-0.0399045868107452
-0.0404464714340842,0.902594957124578,1.44656533020185,1.43812087686033,0.485032212208724,1.52811451687738,0.507326408580832,2.73803857726254,-0.592503816250919,0.923516476453315,11.2033969884056
-0.0475406188515487,-1.35835988568757,0.890674859011497,0.252663863564861,-0.367812336676944,-0.316945767689312,0.046660072263542,0.903291632301153,-0.455421276645445,-0.0199963562482377,7.43248594733826
-1.18727163187657,0.308507810347879,0.895647083048219,-0.0534698786014141,-0.271177601641275,-0.175002988188837,-0.57288890463543,-0.00541007963432198,-0.544220932883609,0.519505557790043,-1.42165623728601
0.802226862589905,-0.419270945112538,0.864417812563314,0.436844198093682,0.492557409302711,-0.0784505715994852,0.188521044178157,0.18568821860818,-1.55135360572795,-0.992513549401442,3.52615275734464
-1.04333339769614,-0.835763469985376,-1.26157196983442,-1.26706708372162,-1.20660037536123,-0.0774371334647296,-1.19953062956873,-0.356435113309891,0.526517959767119,-1.8645502596818,-8.73511543192559
-0.507696297220236,0.0505747350254108,-0.445606985107202,0.337122781114665,0.426905659410409,-0.412674760905376,-1.27980231566883,-0.206509130081775,-0.608143896407279,0.495511826549116,4.75956458978262
1.99044330549572,1.07342903759934,1.78468312567617,1.0600144225172,1.84932865878836,-0.688305352387598,0.00650843553424309,-0.950986272268399,1.57761352311371,0.722561747979639,6.31607760706853
0.420039174638248,-0.076571819275736,0.587802554625615,-1.07665973463152,1.72892364896798,2.80144140719983,1.63382096993214,0.422215243416823,-0.151272625472202,0.63779998722848,3.42830455830953
0.314924908648492,0.452764461830544,0.549828240603718,-0.0244735767411403,0.294179599153063,-1.08850590518039,1.41680009754341,-0.984710037067531,0.999633272515456,1.45481115625575,-1.44883900271246
0.260308818671451,1.26256292487744,0.103716266946789,0.786617370970037,0.925648730582738,0.457343688853144,0.0319275450914252,-0.295741924480635,1.30623375683275,1.58868950452209,7.45965121514924
0.25529032125959,-1.318665231536,-0.253171824195051,-0.840289402048256,0.392582475974666,0.0545806281176355,-0.502811368574415,-0.359660479426939,1.79526464815002,0.118686955884413,4.03970020568417
-0.827738918604398,1.82757968869326,0.86600484966639,0.524719021984711,0.922427727238579,0.786252017999399,0.451732944425688,0.893692669604251,-0.544220932883609,1.66596712005268,5.15659168486741
-0.0172785807445979,-2.22144172794142,-0.887713154333162,-0.104263763204855,-0.693285804432792,-1.42084540172174,-1.24143329741912,-2.09027247855396,-0.762473140607437,-0.870159375403281,-8.95215567534763
-1.08867818023814,1.12472594211949,0.46444813669341,1.10669740537797,-0.432803558940385,0.830578582671187,-0.321377192954743,1.51259894760679,2.52546725024682,0.288122311551985,4.51351265451174
0.0376075371789979,1.52353599843875,0.158153302439074,0.112224052608715,1.64307910532239,1.35661395481777,0.808137475018504,-0.442032157189748,-1.20190626663431,-0.172630010991603,-0.501900985036242
1.00727904661647,-0.585613057162028,-0.991017319902435,1.84376523592524,-0.118901257927964,1.5441490515047,-0.585448897312552,-0.252869306256478,0.78088245110601,0.26999597759164,6.15343738676656
-0.210824761598828,2.62533114624056,0.0360154475552377,2.00161711843709,0.51174452179657,0.683603956067842,-0.66654807231851,1.44996525954721,-1.13841757515056,1.51558092939101,6.84031792594349
1.08672759709483,-0.461775380833833,1.53367925195658,0.433997216716802,-0.200616214500234,-0.408721514501411,0.254931365771691,-0.184811531188197,0.342561405876478,1.6476090672675,0.99264130074248
-0.246422999568497,1.49182456186758,-1.54165370853205,2.54758947101199,1.24243229681209,0.340190748678251,0.947207973660823,0.697183760081605,-0.107819623050596,-0.187982163689549,8.46024329851565
-0.256554429234997,0.247765306540415,0.0606114563226367,-0.24170512820507,-0.936472004943012,-0.650213385272407,-0.794448765649661,0.420713048008603,0.888184676224919,1.66945032241556,4.10467780558784
2.12696683491145,-0.217444041144426,-0.327159696778241,0.240613483411783,0.123255516457181,3.12853607460399,0.799334183167972,0.916280177741168,-0.0225867902154157,0.537865754913162,2.64403567646531
1.15762940803784,2.15205301793711,1.09169211682648,2.07267221133546,1.47530369920191,0.0373904045852731,-0.104132637744485,0.810127950034879,0.996899099969718,1.52776387323681,9.77604882288681
0.0115901774785287,0.834009967981529,0.344428916764384,1.42642997007546,1.19203640912305,-1.06423038138743,-0.336065214414265,-1.87458383794499,-0.105419410183406,0.428631766681583,7.53676492226927
0.581845039811636,0.813959069196406,-0.384687106887852,1.96091745096211,-0.719602409658677,0.168346921272181,-0.130303804556058,0.0887192492758046,1.1015233672586,1.74785948989776,5.84536184238758
-0.854972096427903,0.187087724133978,-0.725510243800295,-0.783744233379859,0.473549054484111,0.212525384775155,0.23335182746731,-1.22888463492232,-0.930256688862918,0.11233926680227,-0.246295495532156
-0.386195838301726,0.0150618137274857,0.980572491196359,0.162960402352264,-0.0591945275853881,0.764343055325003,-1.13323853086075,0.358623097681927,-0.455421276645445,-0.920427344954878,-2.03647865503421
0.749171651482556,0.559793520050358,-1.34007799202903,0.930812017055116,-0.183010405966257,-1.06774495382785,0.0301921374939983,-0.930651526011421,-0.414848137249057,0.352019901335751,0.13766394380707
-0.111925368427177,0.201396928522219,-0.725510243800295,-1.57330250145811,-0.00630954537915876,-0.247580916914308,-0.950060100036089,0.84039029401978,0.257935101538228,-0.144509662506859,5.5973983393603
1.50412289926876,0.741979079887113,-1.02302826671918,1.1274846063483,0.526574140383242,0.775266443827562,0.265481096639887,0.783028356224826,0.461497786889348,-1.23354739368527,5.56738570039616
1.53323497680728,1.3352257120177,0.772287801277415,0.632472250305938,-0.677195061225817,-0.724824656060668,-0.514936357685839,0.991694212706748,0.0267503133613407,0.000247401930484797,5.25717665779544
-0.249919597802684,1.49086868397824,-0.0592161561965816,0.712956443981902,-0.335812634791822,-0.928469302620428,0.120989631766018,0.793411346927305,0.657797249941567,0.121019105635062,4.75414298955368
-0.513300244763556,0.0505747350254108,-0.445606985107202,0.629106917630854,-0.164465794666822,1.07289261816057,-0.565118984800624,-0.109634257117221,0.14607604333525,0.647322091072462,4.2908174482567
-0.574728705263644,-0.519558006798371,-1.61198643687332,0.258109981029129,-0.669480128899586,1.75853310854543,2.04458493364983,-0.988340523374742,0.159538299111894,0.365355377630085,-2.67677615724457
0.735036394789421,-1.70924940606817,-1.34448885321587,-0.845272515422733,-0.669237184595129,-0.576933245559218,0.105613840039823,0.928726472617034,-0.694131441916518,-0.428482876916807,-0.480300754644521
0.302164085461339,-0.545064448417559,-0.939584919617903,0.377874239862882,-0.588996421521342,0.315943761384105,1.86020582587192,-0.159431408894435,0.895106726297969,-1.06391238050833,-1.29112221317712
0.581845039811636,0.0615155636203872,1.10058892338703,-0.0599673215125539,-0.0591945275853881,1.42745610480569,0.787214966208535,0.293095097762799,0.961182621234979,-1.25657705339046,1.94125155345216
-0.669691150127831,-0.95215515625131,-0.885845654320256,-0.587284726354762,-0.755660512640682,-0.567316470963934,0.0838628913071429,-0.651941422855897,-1.64684559511374,-1.69050387587619,-7.86502448508237
0.0512814457712079,-0.324611865039349,0.357916346692332,-0.164594895682088,-1.48746117512734,-1.53437958326243,-0.577311703308602,0.120144714186703,0.472117856840151,0.718609520654141,0.99264130074248
-0.770429509438342,0.0842846698838226,0.0995510549873641,0.377001800785123,0.455937301908266,0.236626098896051,0.0984203586608984,0.0116266941201522,-0.0322827424459299,0.155554925741783,4.35861613751209
2.46709397641471,0.658091459056969,-1.02302826671918,0.89317534538417,-0.883503582662278,1.51051268643561,1.80565074249675,2.37589315341072,0.942916282521839,0.246225798707029,6.00892831194475
-1.4125677173091,0.449725510765312,-0.0198251452886471,-1.98844992528235,0.868228647945754,-2.92890450452667,0.592981297424534,-0.809662883574201,0.882580595444764,0.15234825496305,-1.08490235133176
1.25659338017509,0.0246472881909567,0.940618282549369,1.61386367389095,0.439462765998665,0.636230763837254,-0.556157182049366,0.872556172766948,0.347854447436139,-1.12760159797898,7.46692931469812
1.34082688578629,1.13237956823625,-1.1595802688632,1.1274846063483,-1.17941959275289,0.478000114013895,1.80565074249675,1.59166163563901,-0.659022623636695,0.246225798707029,1.29541191891738
0.0115901774785287,-0.193154054235576,0.186784416747481,1.42642997007546,0.541189173913183,-1.06423038138743,0.276492785898927,-2.09027247855396,0.119844891131261,1.16341402866967,6.09108555568406
-0.581498562563756,-0.844275334117395,-0.885845654320256,-0.0576964291040721,-0.174743201820507,-0.78722580368764,0.151493476694292,0.929295257320376,0.32667960576144,-0.31463964251592,-0.147643570110923
-0.904196945121926,0.0732433566884631,-0.992380762252849,-0.996949978516843,0.813503892724942,0.00709802299360471,0.291562023878317,0.560575440604415,0.375599933671859,-1.07911892083642,-1.20191276930764
-0.832908154382707,1.50147443895918,0.46444813669341,3.385370157753,0.479884534167319,0.950320472230025,1.88828034957625,0.210570682220586,0.549251163485291,0.525002851133066,6.69089693701369
-0.181354512119652,0.429829468028266,-0.968697944787249,0.823006753378883,1.1469566703202,-0.719696675189284,-0.86334356209487,0.560575440604415,-0.608143896407279,1.30128484434597,5.24758073149842
0.962732322696258,-0.674099604265089,-0.158109011930844,0.530590961289229,-0.560874370851493,0.667502095904741,-0.257035459228808,0.419035469833035,0.735569109473594,1.6476090672675,2.94501452519142
1.22221978832846,0.155525516592449,-0.415584551057745,1.21698080227256,1.35092888321953,-0.0180898089263219,0.442557374315096,0.0887192492758046,-0.0653788409276632,-1.0689358917727,6.58919170983375
1.95313773126195,1.55498482897064,0.827321506028856,1.90301777628196,-0.736862108579675,0.478000114013895,-0.130303804556058,-0.495227359244358,0.367346016717452,0.564397900309837,5.84536184238758
-0.149431971189641,1.68142402710469,-1.54165370853205,-0.563189756556731,0.407839687301121,-1.74479983303628,0.289331103025017,0.215435325462916,-1.53147730062498,-1.94950829943299,-2.94441974142692
0.253112980105326,-0.822877191615107,0.961315273401459,-0.153244621656674,-0.138898081638607,-0.415770996314675,0.236156704873502,-0.245432487033555,0.277946452371191,0.128885967720489,-0.147643570110923
0.592076440262754,0.264876763974977,-1.45661254842111,-1.03299916437017,-0.454219508725235,-2.06112573999278,-0.118012169905315,-0.50348013451678,0.825122290348852,-1.34444238301488,-0.648165669472266
0.339924686111891,1.49613088094453,-1.41410328057349,1.9674842190383,1.24243229681209,0.629211886975234,-0.121484334469955,0.233715750501848,-0.351448473459721,-0.0574070377735661,7.10622649006533
-0.0404464714340842,-0.1423687487056,1.14495507179193,0.504258683780714,1.31653780728937,0.672744982613022,0.681772504791919,-2.14593934580352,-0.186648079333367,-0.181728884291196,10.2223275258037
-2.10854480490653,-1.15580702517685,-1.7856125104488,-1.05789604212424,-0.454219508725235,1.10765720131416,-0.0228891979029977,-0.988340523374742,-1.54685530343121,0.449602214901547,-7.86502448508237
-1.2692028114149,-0.512738727786573,0.466914237303975,1.09335994054841,-0.917915868644122,-0.131705734240814,1.01645305424121,0.899873652827434,-0.281867764834488,-0.236847633839572,-4.79328782880529
0.503482070895454,-0.481447063145297,-0.490070323936727,-0.298750413233328,-0.415346863400662,0.117111699105105,0.436259591872638,-0.168189866798907,0.858539236678288,-0.641038982613479,0.410335578438291
1.56782353918699,-0.642828374176175,-0.945593682372884,-1.01971715712965,-0.368952401520395,1.09207111979028,-0.224198536393755,-0.917851135499591,-0.454034597510964,-0.521461649285075,-3.61198724377171
-0.247929008613461,1.15965295432005,0.103716266946789,0.377001800785123,0.0434097578822859,1.29878190560266,-1.04673964301564,0.812487272898065,0.547360092392164,1.61313163282057,9.05584282107406
-1.32675777861709,-0.383159003053845,-0.0681740449458436,-1.25321761053951,-0.084005270019379,0.265311041103277,1.32055514151505,-1.22888463492232,-0.18717662212091,-0.255782519088398,-2.87008352249563
0.243116192778808,-0.178756458758326,-1.26956325496212,-0.0595389693164588,-0.071133834761933,-1.2544845277967,-0.0263280937349334,-0.902662664502316,-0.762473140607437,0.385510108634302,-3.0554707885401
0.191732160653399,-0.842861435454144,0.961315273401459,0.162960402352264,0.427192737518665,-0.414436694845699,0.769040384744117,0.903291632301153,-0.455421276645445,0.613572260697696,3.10707004847048
-0.0329763611934163,-0.1423687487056,-0.978860174551881,-0.527127348469995,-0.174743201820507,-1.21570059948568,-0.612087494005229,-2.09027247855396,0.0591161264936031,0.752180565999588,0.99264130074248
0.311881764686854,0.445087403600171,0.93300122332013,0.45142073223058,0.586854162874289,0.672744982613022,-0.835849409168776,-0.745866364378,-0.455421276645445,0.222476930711337,6.51942352081999
-1.03519103265366,-0.835763469985376,-2.78672686064882,-0.506560486562115,-2.61168024551675,-2.15718522298702,-1.80553871315053,-0.694183099400414,-3.25837142249411,-0.291922910691737,-9.58629984555538
0.435922023569717,-1.19590183892753,-1.64149834516321,0.217160238486252,-0.706082327529739,0.500444244729404,-0.520798922871668,-0.717727151863493,1.59337818269899,-0.75378666261852,-0.222189238958079
-0.111925368427177,0.679430672008348,0.0939145980642875,0.464045661143713,-0.00630954537915876,0.392557952346138,-0.86334356209487,0.498958938994276,-0.216850107803119,1.61313163282057,-1.44883900271246
0.447367812467549,0.210841214985475,1.07532484862093,0.80113145592771,0.16396461531774,-0.850441739893725,0.276492785898927,1.43572284521438,-0.414848137249057,1.44507916936196,7.20893140677978
-0.289478643261282,-0.781280218377183,0.185330576252437,-1.14677336673946,-0.148617891320648,0.333526833169558,0.0541392909472838,0.188117000083448,-0.533903536030857,-2.1806207311906,-1.08164857121863
-1.75105638906071,0.495285454829112,-0.591069406288862,-0.783744233379859,-1.18059020809004,-0.688890153753487,-0.0278001544608049,-0.356435113309891,-0.645833210079961,0.699174896714468,-6.64985385284178
0.603362468190534,-1.45947551700741,-1.34448885321587,-1.90292328258793,-0.524714131238154,-2.22185784301778,-1.1058865823478,-1.83241297677641,-2.15688648638708,0.130471218433985,-5.11223102981318
-0.26580292336808,-1.17670036681244,0.437616012796555,-1.51562835425025,0.204373998105369,1.44567440327136,0.536811521575149,0.0833248836857463,-0.494756574678047,-0.86150883845223,-3.89164305907394
0.603362468190534,-0.938028174655589,0.947360712695945,0.75745802392585,2.66896741730904,-0.166605658281136,-0.0515018610339828,-0.504270326217284,0.649430841138654,0.519072085720147,3.73017975883189
-0.257143975738084,-0.166349550449531,-0.263513623026352,0.510585333589466,-0.289119186790211,0.737511303794715,-0.683940312718717,0.417739459587151,-0.401064695073012,-1.41851347962179,-2.62459104613473
-1.65063068771498,-0.28253115702052,1.55846743170367,-0.126579887902527,0.792245626887829,2.80144140719983,2.03706292890057,2.10278956909979,-0.000181618010203683,0.613572260697696,2.388152267918
0.051976053787276,0.96638502197975,-0.497743534559993,0.928911452390648,0.370086461638152,1.2012692166314,0.674613105044581,-0.359704021780227,0.61851317371336,-0.885705237226201,2.31017144827749
-0.0850679677181692,-0.134641607142585,-0.161905482683872,-0.056884960071701,1.10287806372732,0.393318192282685,-0.713163919507737,-0.14657927646901,0.053957334465683,0.062696182468353,3.7255305906666
-0.173643254524339,-0.54784255010015,0.6163684711629,0.39175222427918,-0.367812336676944,-0.359950172672126,1.24528245490447,0.636456149999052,0.218556247536919,1.3606359227318,3.02920338181383
0.625291744641842,1.32643384152861,1.57468949495067,0.757127516987067,1.37799679600181,1.52095110283536,-0.264040604980958,0.734324098027221,1.39237611077691,0.283287817898989,12.6588692051349
0.0835099700944892,-0.938870053901151,-1.18181166058439,0.748291474876315,0.821901002899685,0.563830199951279,0.923162504782635,0.0807014777161397,0.35549827138664,-1.08784140952728,2.31017144827749
0.681458380573291,-0.682905761374774,-0.0705614342619073,-0.348365473540278,-0.609335270431503,-0.236060451231177,0.448968947679208,-0.0960396784095346,-0.00949126507448906,0.130471218433985,2.36107263493377
-0.851323931832413,1.50147443895918,-0.221687560883491,1.9674842190383,0.479884534167319,0.511898157872789,-0.514842687287454,0.359508713126602,0.270302822177328,-1.03886824386158,2.86205301133466
1.62160209402511,1.2052201170667,-0.200961954223171,1.96091745096211,-0.843762859716498,0.520441557811324,-0.130303804556058,1.59166163563901,0.78088245110601,0.507786100439142,3.73781533562916
0.990244561682337,-0.19931772130699,-0.379893645565173,0.303528000783377,1.08688499238141,-1.25873557332977,-0.0263280937349334,-0.0614047958215071,-0.487695756053623,-0.180697381715252,2.6408231899684
-0.0782644327696386,-0.633736603180546,-0.883480414232518,-0.527127348469995,-1.47113523161694,-1.16715068511819,-1.24143329741912,-0.0154972588734188,-0.689939107343386,-0.869515376228245,-5.51228143713551
0.543736412125818,-0.3868200308452,-0.266852726993775,0.240613483411783,-0.969944139332117,0.764343055325003,-0.0768240345018009,-0.494171412962725,0.816818408258944,-1.92241802919684,-0.222189238958079
1.40028259734076,-1.48798527815847,-0.253171824195051,-1.09027395128564,-0.325049567466543,1.09207111979028,-0.782426646117576,-0.717727151863493,-0.963383942106904,-0.831047331317405,-4.28901638955965
-1.14573646167914,-2.04623149024044,-0.409917919976431,-0.639872244700285,-2.02603728050476,-1.71338261556167,0.264302194335959,-0.5492454596154,-1.38480728136346,-1.69050387587619,-10.2504373160466
0.412384047353218,1.46152280688239,-0.370305214969645,0.706933546875413,-1.38361890660393,0.00395673813068628,0.17758593509069,-1.52241238275291,-0.320790803186455,-0.652896950150609,4.35694138928647
0.776401065545674,0.504006667150089,-1.34007799202903,0.841700818475372,0.567931397833275,1.2012692166314,0.674613105044581,0.773876292413374,0.156155790928273,-1.51679362977356,5.32377755964512
0.88882902091297,0.433635444480946,2.64568868405471,1.27290164364334,-1.3720540438561,0.0753689516076548,1.07455180580017,0.874697849407566,-0.320790803186455,0.730923535759053,12.0937571850086
0.560320426608061,-0.267501608599168,-0.953082119913845,-0.675207119256176,-0.131262829839908,-1.19090206570438,-1.56611015879534,1.27484044253458,-1.7652807660209,-1.19270145246419,-0.627285016916992
-0.346363870351883,-0.0211856842383484,0.253699760706778,-0.640288220456388,-0.815360477092183,-0.727539830680073,0.282908022159676,0.750932182879018,0.910093170245224,-0.321564698943695,-3.11841009601318
0.696674450731135,-0.629469279894844,0.708969745629102,0.75745802392585,0.516395973550064,1.87381869075223,0.799334183167972,1.15668070877029,2.70317715169976,0.000247401930484797,7.56021347178176
-0.620344599500036,1.14645905002034,0.345042941276507,-0.813316852372442,-0.0119488753494278,2.02374829807408,0.511554989009079,1.49040325554027,-0.513490380092001,0.819875506791724,4.18239159401335
0.461238473898108,-0.503018642473712,0.209238273863147,0.520368634896641,-0.560874370851493,-0.131705734240814,0.846137461003463,-0.648665815924144,-0.036644154443688,0.660769073968831,2.36107263493377
0.420563738802533,1.51995216037977,-0.250796176645227,1.17366772784784,-0.0103958652977438,-0.946108892421317,0.764010421354177,-0.190683186418531,-1.12509005405476,0.782591824213061,4.17010944453557
1.73005852212702,0.323104194496734,-0.742950345610773,0.0951523316595229,-0.640259504218051,-0.244788824502856,-0.296808902749537,0.0693439118697863,1.64317286249176,0.802229834544785,4.10467780558784
0.690964062233841,0.817166873179516,1.30475235609289,0.757127516987067,1.84932865878836,0.707659171931807,1.09338347115583,0.793916323134544,1.39856904239203,1.87861045376702,12.1637964662287
1.34082688578629,0.821036006107605,0.211326373616209,-0.573898270790066,-0.118705978520382,-1.02629287139096,1.5307478020226,-0.0960396784095346,-0.599845795832737,-0.683914847727101,-1.08164857121863
0.191732160653399,0.485684128654881,-0.577181979385748,-1.81168422159904,0.446374326531758,0.697024165698244,2.7930019258677,-0.938369535417393,-1.24412199148832,0.579079000969824,-1.00727477574131
0.453434668034017,0.068352584097926,1.07532484862093,0.453785439980527,-0.138898081638607,0.541236889279897,0.984732001684125,0.18568821860818,0.407539358016272,-1.59991384525309,1.94125155345216
0.275931326016481,-0.249267042746525,-0.414051083064282,0.499541873894556,-0.306549012209281,-0.0709772552825545,-0.205089168973649,0.533629871215112,0.348170941111733,0.763038909961879,0.99264130074248
-0.777814840851392,0.0842846698838226,0.0995510549873641,0.00528493607421536,-0.977691932347974,-2.72185348578106,-0.00625568187039244,-0.746621528459176,1.12987882396319,1.94558423976757,0.99264130074248
0.409442429026825,1.51995216037977,0.479949182559293,0.297659665194453,0.961944143253345,0.227826589303927,0.0319275450914252,0.363075489687017,0.298608719368202,0.388122770531153,5.92840440901856
0.859359645989496,-0.587118460132252,0.708969745629102,0.400596270750512,0.433799551215651,-0.0784505715994852,0.396772951197754,0.201109594323869,0.156155790928273,0.807388738928073,3.52615275734464
0.822165454060786,1.20804945757641,1.74262289328853,1.48336419257753,-1.12871326788081,0.520441557811324,0.109479013153662,0.0184264627405354,-0.266836431666938,0.790976589759952,2.83596911935219
-0.462615646883137,-0.15350160886748,-1.02513608547633,0.9601953549417,0.430352718121021,-1.18110266560346,0.151493476694292,0.8299483995051,-0.751112211712106,0.591770991621524,1.75718933221911
0.0835099700944892,-0.938870053901151,-1.74319630353378,0.494926807175601,-1.06487582209979,-1.58909027962846,-0.935269626882829,1.5970199409997,-0.762473140607437,0.386749970549418,1.29541191891738
-0.487303416502396,0.762473927628501,1.18379533354902,0.836740633135896,1.84932865878836,-0.759691580513064,-0.216970142138255,0.00279536823956305,0.8354902494138,0.508903874028866,1.10870382709805
-0.181354512119652,-1.1966466884476,0.6163684711629,1.16207890916345,0.0441218376839068,-0.600992715886904,0.0542663958857262,-0.816566943359288,0.631341980592611,-0.0288773772073465,4.68835142009481
-0.665136387508979,-0.929756742671423,0.16815654062731,-0.887699301053914,0.478073659753679,-2.07722654756917,-0.313582445780607,-0.0130348287425683,-1.38480728136346,-1.98778623261647,-6.0601757995778
-1.15764130302306,-1.60995061974874,-1.60668372317323,-1.36014423974057,-0.801835133221237,0.687006961075046,-0.646880243266048,-1.41373442455912,-3.34351965067067,0.941958026409445,-10.054256498384
0.199190401736887,-2.08030173350386,-0.897416657983525,-1.21029701069111,-0.368952401520395,-1.16675690248788,-1.1058865823478,1.75205991995492,-0.924932640684211,-1.3162861969043,-1.73654404346794
-0.320439652998485,0.608199169745327,0.93300122332013,0.242367896005024,-0.249327492074519,-0.663205693427064,-0.86334356209487,0.163893675431472,0.277946452371191,0.171675168302619,3.84508478832672
0.161749656278886,-0.552350156167682,-0.0352299460475064,0.533590186086638,0.378177343854167,0.0545806281176355,1.92128866623017,-0.648665815924144,0.684445803818037,-0.0288773772073465,0.629761529020432
-2.11211698291315,-2.30860249417589,0.08988039163009,0.0599823037826593,0.62807958297583,0.105525969417226,-0.392374809182446,-1.12943071447101,0.436226390216811,1.37995512059918,-3.62865297469641
0.14733380036275,-0.563156838707749,0.365713102065709,-0.164594895682088,0.0557011934055206,0.0712014992576589,0.0395177622929147,0.237823440777266,2.52546725024682,0.265909009315609,10.1146661692615
0.437140869116488,0.210841214985475,1.10058892338703,-0.814801692777401,0.82993192080924,0.771319679655772,1.53268286476198,1.77017434738579,-0.151272625472202,0.868845715196759,3.1589594081986
0.735036394789421,-1.70924940606817,-0.454036073437848,-0.434010443002891,-0.969944139332117,-0.577774332494422,-0.800044823632449,-0.542405702528719,-0.426631060020804,-0.869515376228245,-6.6077667810495
1.07936580212685,-0.461775380833833,0.671076640877921,0.75745802392585,0.980904515377158,0.0383358711623712,0.396772951197754,-0.212347865348562,1.29367611899438,-0.827501251695951,2.55307055732675
-0.101963541359713,0.49574788613476,-1.0568084709954,0.494926807175601,0.813503892724942,-1.46541553080748,-0.00544436538360703,0.560575440604415,1.12987882396319,1.30128484434597,4.65333487135122
0.0637311593121798,0.430171142368514,-0.914116865921711,-1.58873871141906,-0.593785764889324,0.422174761902862,0.646311680383543,-0.82374680571105,0.0378554031422034,1.3680043834367,-2.89674083277973
-0.390816913871744,0.0150618137274857,-1.25422086526371,-2.24542336831294,-2.08913063035527,-1.3349010076485,-1.51457441755286,-0.128562872157193,0.270011274533795,-2.15082174275819,-8.73511543192559
-0.469287556333893,1.50653614129627,2.08910980283951,1.94600998805936,1.00927420661852,0.533347828590096,-0.316705978854734,-0.745650210411729,-0.986679120221404,-0.803789815694528,-1.04277529886349
-1.50815444427095,0.30756365613045,-0.665928295390421,-1.40275840135514,0.365913777627468,-0.769082178774442,-1.46796588888698,-1.11535233028324,1.06514229520438,0.79835624389543,0.888600983377613
-2.11211698291315,-1.49093432999016,-1.7856125104488,-1.05789604212424,-0.518129095799331,-0.834199270187786,0.973621272988089,-0.897951591513556,-1.54685530343121,0.930380412847551,-9.13529205202929
1.18575100417014,0.0977132031218977,-0.696573906298534,-0.483265702500319,-0.600279122368002,-0.797361395717144,0.503100682975283,0.195804242960847,-0.00949126507448906,-0.521461649285075,3.00054897799174
-0.121269662337516,-0.763979897259904,-0.213633243225274,-1.10476393240739,-0.367951990737022,-0.869149607308455,1.06382615634514,0.750932182879018,-1.22041495583832,-1.07911892083642,-2.03647865503421
-1.17139110905974,-1.60995061974874,-1.60668372317323,-1.36014423974057,-0.521779887219849,-0.00517764544750754,-1.31042226594755,-1.47744504414272,-3.34351965067067,0.930380412847551,-10.4951129140359
1.48368441749533,1.3352257120177,0.923897989615785,0.632472250305938,-0.746243638417337,-0.934797125446165,0.306235443857294,-0.208571037457757,0.15264067289771,0.592879505042233,4.55061607730744
-0.989781625920838,0.625087111683813,-0.424720858642606,-0.857908984614837,-0.692283466096195,-0.934797125446165,-1.27059612770541,-0.430568668088662,-1.03396775053649,0.102939567509513,-5.27311376548159
-0.34348910979198,0.229946937224541,-0.821450114690098,1.35459901041804,0.242093943715518,-1.15156770651324,-0.2536368946792,-1.24384523487955,-0.497243957409884,-1.33575002955779,-3.19960290903407
2.46709397641471,0.872706935664657,0.827321506028856,1.36329994862886,1.19203640912305,0.134137314173721,0.245547772269964,1.21115474561557,0.566628149074839,0.730923535759053,6.31607760706853
1.25961516671571,0.314504107266004,2.14171696408732,0.770892795303096,1.31021681616048,1.37082601301937,1.23967431266155,0.947579373259745,1.58182415841352,1.45768387502417,12.7930954306078
0.829709562255736,0.421695992163246,1.74262289328853,-0.43428839353595,1.53627725522475,0.771319679655772,-0.520204404358715,0.522882854752204,0.244971248795724,0.822663161278789,5.92665418279684
-1.50993044386835,-0.839888513647691,-1.80402272225483,-0.472806274573873,-0.524714131238154,-2.15718522298702,-1.32709059136429,-0.980192717882958,-0.787804431426103,-0.0954046124878902,-10.9320122740575
2.83912917079269,2.9572389231569,0.609626798281929,0.329382955265867,1.52940654280971,2.76389969961251,1.50736427029431,0.422215243416823,1.75121445779618,-0.501987648188295,10.2223275258037
0.490681866764701,0.68144842096911,0.18072339838407,-0.661889098289787,0.375121815382217,1.0246350061648,-0.520204404358715,-0.420927996577009,0.065607220160324,-0.15045769538022,0.770437508036982
-2.48415543424877,-0.22138354900536,-1.76143216539147,-1.17444059890335,-0.143080978138446,-0.0774371334647296,-2.33360600190753,0.530551128348747,-0.936395221934904,-0.0407694961471414,-7.60475318241462
0.365867265990135,0.94241932200387,2.00112846649787,1.4884342415385,0.485032212208724,1.52811451687738,1.0293526544895,1.33025080283041,0.79719809236186,-0.622462639065995,14.7683523787007
-0.346363870351883,-1.39205115165671,-0.38181583264327,-0.352931929440531,-0.808348967246167,-0.834199270187786,0.238150503703466,-0.897951591513556,-1.08017479161412,-1.29617030653257,-6.12303970816024
-1.65238943196628,-2.5064077968126,-1.19796299763993,-1.08477169616937,-0.917301746747585,-0.576933245559218,-0.493456166703456,0.0658715453153263,0.270011274533795,-2.13155512674114,-4.92615027838217
-0.770429509438342,-0.28275866484396,-0.349223917352651,-0.587106566997385,-1.84032933180411,0.55161896506827,-0.552503572794955,0.0116266941201522,0.910093170245224,0.176214683077654,-0.222189238958079
-0.307420187027156,0.935984790025217,0.415384412555661,0.11889010924371,-0.0119488753494278,0.0255091604434261,-0.465162338729682,-0.273667030296412,0.329750024631208,0.269045873339004,4.18239159401335
-0.770429509438342,-0.801733107680653,-0.0850576500211721,-1.43581383418566,-0.886774972898338,0.35956361776565,-0.746343572226796,-0.111913580515498,-0.533903536030857,-1.07264477084258,-3.25646466643163
0.480551289164234,-0.233605721356262,-0.161327035675642,0.711662998102571,-0.903400938978315,-0.759064736941717,0.306235443857294,1.5970199409997,0.0267503133613407,0.166453300762797,0.366853087144371
-1.5716368977593,-2.22413708558146,-1.23659045942058,-0.313298529504386,-1.05964326704846,-0.449644017002881,-1.55954261353778,0.0658715453153263,-0.449787985486933,0.498965026376079,-8.55911411726182
0.305792643857337,1.15691895180038,0.940126748579095,-1.27008355547084,-1.05394866519399,0.556569350284772,0.291622361402631,-0.245432487033555,-0.14369104282595,0.388122770531153,3.40744470050391
1.34082688578629,0.821036006107605,0.211326373616209,-0.294337366292647,0.538973658498862,-0.88197752505507,-0.515265814059641,-1.48639830050002,-0.81231889398195,0.564397900309837,4.07629275542632
-0.762562479628813,-2.00708712921173,-1.40600700505833,-0.587284726354762,-0.518129095799331,-0.737490661862707,-0.0278001544608049,-1.48549933476456,-0.812229865637772,-1.20566966051479,-3.51518421286301
0.191732160653399,-0.0753364712356289,0.758904733335006,-0.115650432864471,-0.439213278257239,-0.907561459878106,-0.313582445780607,0.447352545157692,0.176835508724676,-1.59991384525309,-1.29112221317712
-0.048131209939779,-0.633736603180546,-1.73121013341624,-0.201815059115599,-0.703193241049827,0.914817542867628,-0.272843595802292,-0.235629886025582,-0.351448473459721,-0.75378666261852,-4.69350713570226
0.453434668034017,-1.19590183892753,-1.63536809175322,0.234257464113233,-1.04020258945297,0.500444244729404,-0.520798922871668,-0.917851135499591,1.59184213120693,-1.06391238050833,-0.222189238958079
0.630177526512079,0.307462354766578,0.644376327366448,-0.699417657880821,-1.08260334800641,0.511287896773845,0.0358967956022327,-0.373519318836927,-0.10539229208977,0.0957473181160106,0.182029249206352
2.09553577112469,-0.488264198478756,0.0253652897297878,-0.573898270790066,-0.613669542528029,-0.408721514501411,0.503100682975283,0.0372320543082349,-0.348754529513583,-0.86384098890684,0.654733950665911
0.708477122994425,-0.629469279894844,0.708969745629102,0.75745802392585,0.980904515377158,1.87381869075223,0.0708389007722225,0.584068631876877,2.24737369655777,-0.267102199603558,7.46692931469812
0.352343495545748,0.792317584642822,1.58973623357654,1.43812087686033,0.485032212208724,-0.503000059655168,0.466111799914822,1.57428701907198,-1.17594688758417,0.266254222233278,5.92840440901856
-0.878245611552254,-0.715097198552933,-0.391712610448895,-1.16727912639397,0.0849668395039371,0.00709802299360471,-0.456825941423451,-0.0476346478470238,-1.22041495583832,-0.919228415461055,-10.6170824769633
-0.374090387172298,-0.726515368682132,1.84344636016534,-0.126579887902527,0.79805661730142,1.87381869075223,0.137518907924632,1.98798105757725,0.10133412806499,-0.494611640617197,-1.61600804603238
-0.411241895088931,-0.0485316614184676,-1.87111606568583,-0.725583068307237,-0.669237184595129,-1.31673946400536,0.289331103025017,-0.897951591513556,-1.42561240234029,-2.43586969570948,-6.13708722397871
0.0115901774785287,1.52353599843875,-0.0654746577759561,1.10882379703195,0.370086461638152,0.664981878688543,0.681772504791919,-0.562582194511188,-0.0722157764395105,-1.10946156228263,3.0439396343703
0.988849115779915,-0.122356460118098,-0.600629417816981,-0.483265702500319,-0.613669542528029,-0.797361395717144,1.85926064405783,0.195804242960847,0.690295366464333,-0.86384098890684,3.00054897799174
-0.956815865196589,-0.736331982332174,-0.74299739529954,1.28362411510103,-1.2268379516224,-1.58909027962846,-2.01673519437304,-0.837896393671292,-1.41374019335069,-2.52803475405903,-9.36772835466094
0.12644286889549,-0.13532512284152,-0.917398981816446,-0.746847789792637,-0.819834473268803,-2.06112573999278,-0.825072417320803,-0.0614047958215071,-0.994349400363719,-2.82873398737498,-2.02055914646111
-1.10185563885743,0.0518219652390155,-0.992380762252849,0.00802446980442476,0.369031892923961,-2.02225936044578,0.69069683784455,-0.0809953372065881,-0.751112211712106,-1.69263815754693,-6.66632777013481
-0.225036050228806,-2.24698741819515,-0.52555757286625,-0.352931929440531,-0.684869937996427,-0.409056782729344,0.183340005445977,-1.47744504414272,-0.0618946389533626,-0.680323308503242,-3.86393991127496
0.88882902091297,1.58868595839256,0.332709141819372,1.05743960230442,-0.0179528006894498,-1.31521787587215,0.881878446200612,-0.352396155648561,-1.35562263400577,0.832093829757778,8.18949916672276
-2.41237755814644,-1.74006789586537,-2.02775600829585,-2.12178664776299,-1.74002480973708,-3.18005966733247,-2.69824880729984,-1.34843752367894,-3.25837142249411,-1.07422610302663,-13.9720753176881
2.13050291824796,0.675753159017871,-1.02302826671918,0.841700818475372,-0.0190674015891686,-0.946108892421317,1.73227863347346,2.37589315341072,-1.35562263400577,0.507786100439142,5.32377755964512
0.929061770683383,-0.128901488086321,0.655863609050387,-0.388003326670676,0.144267566106666,-1.08850590518039,-0.672665290033249,0.510243455888285,-1.10849524575578,1.14131666461184,4.49816293679813
2.15080323861952,0.430225590267361,2.64568868405471,-0.0489087279305732,1.31021681616048,0.101316850309453,3.06397573887221,0.522882854752204,1.29033541497647,0.226329623668639,4.03970020568417
-1.61100007983052,-1.43380308072545,0.460650333413291,-0.882832995443255,0.78371421823967,0.397527756921219,-1.28791267941733,0.459852251863626,0.375599933671859,-2.1806207311906,-3.89164305907394
0.735036394789421,-1.70924940606817,-1.63536809175322,-1.02081723101754,-0.521779887219849,-1.90164247931396,0.0786636369357112,0.0940879720478191,-0.936395221934904,-0.920470922529589,1.15635535280045
0.317806169380436,0.246991210932153,-0.0877933847127785,-0.489929350244361,-1.14027602642721,-2.15718522298702,-0.225273882223398,-0.50348013451678,-1.10849524575578,0.948596061322705,-1.38916368668583
-0.579710178415878,-2.11557528410645,-2.71890807431991,0.451281066038187,-1.41218924967436,-0.577774332494422,0.809669418923113,-0.5492454596154,-0.145760381218331,0.132428270983224,-3.47208790367922
-0.750954250162916,-0.393352786598102,-0.523098525148027,-2.13357460947102,-0.161000191244891,-3.18005966733247,-1.98262253904411,0.680645619650392,-0.390694073017732,-1.09638017507592,-4.76002938416936
-0.665136387508979,-0.929756742671423,-1.43993635452878,-0.740860810867115,-0.801835133221237,-1.03472434507201,0.289331103025017,-1.38616293264107,-3.34351965067067,-1.50146201937648,-7.86502448508237
1.16117480272294,1.2568235702901,1.20022550434661,0.632472250305938,-0.61334749713222,-0.578612611110521,0.567681045871139,-0.845942936865933,-0.265713473840769,0.352019901335751,6.07248743864693
-0.711968150947908,-1.79698757096094,0.563046644522763,-0.462418272830921,-0.908410636499947,-0.409056782729344,2.07670516832746,-0.634294948541966,-0.865484436660703,-0.313481213490061,-1.54491530557612
-0.418782120597889,2.32360793799555,0.0481084357131591,0.160877567328467,-0.0786226870283411,0.392557952346138,-0.770662463836508,-0.0959030635852284,0.955390322639137,0.15234825496305,4.75414298955368
0.365867265990135,0.94241932200387,1.44656533020185,-0.615153796495178,0.82993192080924,0.0875523144830512,0.552962495213211,-0.873149315617696,-0.935642920977073,0.579079000969824,3.1589594081986
0.400975191506779,0.337713746918687,-0.713978154628928,-0.384613562512263,0.864925989776339,0.697024165698244,-0.825072417320803,-1.23399631325431,-1.45346630887194,-1.13030985435191,-0.501900985036242
2.09553577112469,1.96944613716196,0.609626798281929,1.4965944484322,0.58561268000038,2.76389969961251,1.0293526544895,2.26250361149807,0.294413498455775,1.3606359227318,11.2608442201995
2.83912917079269,2.80755698154772,1.8142391689385,-0.380325283448556,1.76636061246343,2.76389969961251,1.63382096993214,1.30191255746632,1.97154243344966,1.1562048383463,13.3143302703441
-1.80990808007622,-1.05125937643608,-0.725292386846729,-1.14291268885427,0.150951194144229,0.146458744824538,-1.31042226594755,-1.24384523487955,-0.43946607968811,-0.255782519088398,-2.79221520405583
-0.484336893739593,0.762473927628501,1.08883833320857,0.836740633135896,1.29498909529865,2.56394624705113,1.88349788889423,1.15668070877029,-1.3149596588441,1.66596712005268,6.84031792594349
0.10455073453449,-0.191128849168571,-0.654301073775078,-1.40473090427334,-0.0818159021494504,0.55161896506827,-0.5355384856479,0.108498270105953,0.895656320513067,2.32245268946643,1.05664069658905
-0.0782644327696386,-0.461086592846011,-0.883480414232518,-0.338699825739815,-0.693285804432792,-1.94800843861198,-1.24143329741912,-0.430568668088662,0.436439567519955,-1.17917562862162,-2.40917288764094
0.962732322696258,0.785700607050753,0.230251409973908,-0.940781802868285,-0.694361476793824,-0.82455733080231,-0.249445981662092,0.624391101337082,-0.491413587707613,-0.0600053565245582,-1.50284002222735
0.84991086662773,-0.895167047310734,1.19053535734261,-0.0357577147260693,0.536158268782773,-0.822065138636767,1.35967914771435,1.15177951906272,-0.430347965037782,0.296301368024048,-1.49637572431122
1.24335708693454,0.0246472881909567,1.42950060037039,1.2881102702162,-1.12871326788081,0.829231295570176,0.699775008545464,2.79820900535463,0.0530821266054306,-0.0250905172448539,5.26284108411228
-1.03519103265366,-0.835763469985376,-1.60668372317323,-2.50963415315342,-0.454219508725235,-1.14350159314678,-1.19953062956873,-0.430568668088662,-1.46536389396713,-0.0954046124878902,-9.58629984555538
0.435922023569717,0.845914140546716,-1.24419196145316,-0.658630583369759,-0.58562615222658,0.0913031292205747,0.0786636369357112,0.0678419623040412,0.825122290348852,-0.0574070377735661,1.87217308456494
-0.26580292336808,-0.0435462207934892,-0.625163155983176,-1.40275840135514,-0.684869937996427,-0.135682272038911,0.353526880797592,-1.38616293264107,-0.394385247720989,-0.349360351123001,-6.13708722397871
-1.4125677173091,0.0944383692529285,-1.69352453304521,-0.289708542414147,-2.93577473385393,-0.684782817864749,-2.42636642501392,-1.34843752367894,-2.19645716634901,-1.89233130246642,-9.91149231468831
-1.4125677173091,0.449725510765312,-0.665928295390421,-1.40275840135514,0.365913777627468,-0.280998409866383,-2.77724703068542,-1.71493592219479,1.06514229520438,0.308333647449435,0.769644635105611
-1.127693637679,0.180139597708875,-0.821450114690098,0.871287729789589,0.455937301908266,-0.773896404036322,2.09382952860684,-1.11535233028324,1.69889535256995,-0.501987648188295,-3.12524122274371
1.01219059591156,-1.57900918833464,-0.253171824195051,-1.02081723101754,-0.387949181204944,1.5441490515047,-0.241871227565849,-0.0940276925910515,-0.963383942106904,-0.521461649285075,0.579982133113215
-1.16313754500599,-1.60995061974874,-0.434712947153668,-0.678216045363394,-0.388154861337304,-0.3905633203399,0.264302194335959,-3.09803157216235,-1.21155189120787,-0.255782519088398,-7.27342260364911
0.387252962665669,0.152130831799158,0.178613711995235,0.0868811476879675,0.734393892187239,-0.224745650917377,0.466111799914822,-0.403452699027751,0.426939553702946,0.388122770531153,0.770437508036982
-0.19718488169144,0.951572666419835,1.8448976681447,1.43812087686033,0.222015309423474,1.52811451687738,-0.66654807231851,1.8722233078158,-1.05232129615294,0.923516476453315,11.5872664825344
-0.0404464714340842,0.902594957124578,1.44656533020185,1.04333441465878,1.29498909529865,-0.894899250366084,0.00650843553424309,-0.813808726876811,-0.986679120221404,0.545531951397888,5.92840440901856
-0.285407283667889,-0.915005498392933,0.437616012796555,-1.51562835425025,0.204373998105369,0.951158171218779,-0.159509360076972,0.812487272898065,-0.494756574678047,-0.133111969827389,2.82805602770754
-0.906132723067439,0.0732433566884631,0.144907183710384,-0.640288220456388,-0.936472004943012,-0.932241820862945,-1.27059612770541,0.793411346927305,0.0123227462225417,-1.91942193438329,-4.92044786341495
-0.414325878961127,0.838335222747005,-1.24419196145316,-2.24542336831294,0.407839687301121,-0.21629967833898,-0.403875006939603,0.8299483995051,0.992115972809708,0.528772723987942,0.672627747205427
1.06429692804147,0.602639397154102,-0.581634731878932,-0.407245023681431,-0.831599326825511,-0.934797125446165,-0.98927743645867,-0.783005661155718,-1.10849524575578,1.3680043834367,-0.679510228660528
-0.119494495780401,-0.763979897259904,-0.789920388215981,-1.39512619233662,-0.755660512640682,-0.402675274151368,-0.403875006939603,-1.23488282802294,-1.76369426797953,0.941958026409445,-2.8464544399459
0.776401065545674,1.27960814361919,1.57468949495067,0.757127516987067,1.29498909529865,0.325155878073705,0.626391511866035,1.16788260212549,-0.637585488153338,1.87861045376702,7.96200005987962
-0.0172785807445979,0.450759454362006,0.490712571337286,-0.494295455605303,1.64307910532239,1.19275962660045,-0.520204404358715,1.69641442939966,-0.100424941264267,1.33749352855737,11.1812137306386
-0.585021561107594,-0.519558006798371,-0.523098525148027,-0.747230282078992,-1.29250952406317,0.171326888049285,0.583586049185445,-0.5492454596154,-0.645833210079961,-0.869515376228245,-4.94341655851801
-0.502537693728472,-0.166537701823244,-0.75225854743634,0.224306784287707,0.539163065268576,-0.719696675189284,-0.565118984800624,-1.20688665089861,0.053957334465683,-0.0668536107292677,0.769644635105611
0.0637311593121798,0.808259684802494,1.10836120534098,0.265738828641605,0.525263536049698,-0.125577647697455,0.681772504791919,0.604073442820455,-0.544220932883609,0.613572260697696,7.53676492226927
-0.845819523188578,1.39988499313301,-0.323067819599455,1.9674842190383,0.276882349774972,0.503813592943149,0.54120601162159,-0.447268028442794,1.34073240022713,0.79835624389543,4.18239159401335
0.323383810655213,-0.453074427416095,0.175004502361676,-1.28996584736453,-0.675474053575559,0.333526833169558,-0.526224115617474,-0.917851135499591,0.794488355035349,-2.27526215378061,-8.42599813093106
0.957223703195833,0.785700607050753,-1.02302826671918,1.1274846063483,-0.452752359697635,-0.210326473642097,0.316701797810999,0.0887192492758046,0.961182621234979,-0.0574070377735661,1.10689483120698
-1.03013682181957,-0.835763469985376,0.0150664063297303,-1.3269728733631,-0.148617891320648,0.155032011044483,-1.76293249963211,-0.273667030296412,-0.43946607968811,-1.24872666521183,-5.77015629528811
1.07654159290433,0.304730089515338,2.14171696408732,0.770892795303096,0.00308004702453138,2.31182075393199,1.23967431266155,1.36949385917524,0.632033681935158,1.87861045376702,9.27502122660755
-0.546603398307421,-0.519558006798371,-0.523098525148027,-0.747230282078992,-1.24216349870738,0.171326888049285,0.38701971817638,-1.61921602066597,-0.645833210079961,-0.439989609633598,-4.10861520352847
-0.119494495780401,-0.763979897259904,-0.416515214477353,-1.39512619233662,-0.161000191244891,-0.402675274151368,1.02772939592811,0.929295257320376,-1.76369426797953,-0.144509662506859,7.43248594733826
-1.65238943196628,-1.78401390117934,0.465967174453872,-0.462418272830921,0.0861811485438022,1.93583600948561,1.15548839501055,0.422215243416823,-0.494756574678047,-1.13858665371315,-2.79221520405583
-1.65146418525043,-1.78401390117934,1.55846743170367,-2.1167902754078,0.82993192080924,-0.0710288811314853,-1.28791267941733,0.294168463040935,0.278059241577359,-1.94750325999018,-3.95264314334558
-0.671011765162701,-1.29982082113238,-1.43993635452878,0.0417349246847095,-1.06487582209979,-0.834199270187786,-0.893056534738021,-1.34818855473655,1.19665365736681,-0.218058822173622,-3.86393991127496
-0.546603398307421,-1.71039274621648,-0.908461816233472,0.451281066038187,-0.702683731163051,-0.3992931139368,2.33985067161524,-1.47744504414272,0.731543587034369,0.0103420491088498,-3.47208790367922
0.735036394789421,-1.70924940606817,-1.36043642051571,-0.434010443002891,0.332107507194089,0.0768766703429306,-0.118012169905315,-0.492253287035925,-0.812229865637772,-0.445901696867517,-0.501900985036242
0.407597706111095,0.41467396357095,-0.968697944787249,-0.675207119256176,-0.566208225087039,0.044512265094034,0.0786636369357112,1.43304908269173,-1.7652807660209,-0.428482876916807,-2.03647865503421
0.316234691195046,1.49613088094453,-0.229659638985487,0.706933546875413,-0.903400938978315,0.257805668443087,1.86020582587192,-0.973019199480958,1.69889535256995,0.802229834544785,4.71195066407422
-0.594426219254495,0.639359006916649,0.745926308227758,0.318188701826368,-0.239988026113219,-0.663205693427064,1.67871859820533,0.604073442820455,-0.281867764834488,-1.35070496318456,0.813631191094321
1.53323497680728,-0.514084869491999,0.272234244856772,-0.573898270790066,-1.64297828898479,0.473206642462534,0.276182400970575,0.297805905771445,-0.366987717167432,-1.14828310038186,-0.590789408267383
0.581845039811636,0.996714504117418,-1.80489069838243,-1.87616987415776,0.407839687301121,-0.00241851747853024,-0.403875006939603,-0.492253287035925,-1.03207844874659,-1.44499000940129,-3.40230204316672
-0.316735224437831,-0.691788543509196,0.185330576252437,0.654193127944087,-0.169629714368713,0.257165579134851,0.819670701627957,-0.14657927646901,0.58532499379006,-0.288719868855791,-0.311497096888202
-2.12408494442583,-1.49093432999016,-2.29678263002952,-0.723348592991362,-1.74002480973708,0.687006961075046,0.504973023743247,-1.10240291713381,-2.19645716634901,-2.13155512674114,-10.5590018535681
-2.19918882859931,-1.15580702517685,0.08988039163009,-0.233018242773036,0.62807958297583,-2.92890450452667,-1.28791267941733,-0.364055986075111,-1.46654056898956,-1.89233130246642,-8.34055035522486
0.29738611167111,-0.249267042746525,-1.26956325496212,1.37959154114476,2.01750191329848,0.629211886975234,0.845720683621683,0.907634101592166,-0.351506616473427,-1.51679362977356,5.84550667778594
0.888753209137448,-0.128901488086321,-0.353333713167688,0.240613483411783,0.123255516457181,-0.262325368989766,0.585155748099673,-0.0438335588519445,-0.250625097525435,0.792679637446199,3.72658013322672
-0.405964109168168,0.0150618137274857,0.253699760706778,-0.640288220456388,0.639706973760576,-1.52514545577865,-0.672665290033249,-0.0130348287425683,0.694621596538988,0.612674484036277,2.82805602770754
1.00900426905729,-0.726230562790941,0.07622294090505,-0.573898270790066,-1.1635081808173,-0.194548252115657,-1.4562411138563,0.221144836974441,0.201292582355559,-1.14828310038186,-3.04609568521649
-0.403121763129729,0.0150618137274857,0.980572491196359,0.755984458954543,-0.076015871194661,1.40153057284918,0.0853569144017901,0.734324098027221,-0.561629390359144,1.44507916936196,3.39152776011304
-1.45440684534367,-3.1003105512333,-1.19046930979357,-0.644162999656134,-0.917301746747585,-1.42084540172174,-1.80553871315053,-1.7715120529768,-0.789241188700801,-0.552652262926558,-7.15882017974908
-0.938944126065361,0.307250777473892,-0.424720858642606,-0.63986317040747,0.97184707435467,-2.0945630410998,-0.456825941423451,0.0827754357749853,0.375599933671859,1.24888865846253,5.00723618502214
-0.762562479628813,-2.17298813185325,-0.765180502872986,-0.41627987486034,-1.47113523161694,-0.3992931139368,-0.566591636256375,-0.42968604079561,-0.494589075751944,-0.869515376228245,-4.94341655851801
-0.348201413336523,0.39311436626835,1.08883833320857,-1.78174882617652,-1.15615253444461,-0.0852513164614721,1.21936945974386,0.0325509259017963,0.514783365196334,1.66945032241556,2.85077963794484
-1.32947270813107,0.173002002173394,-0.569378642509132,-0.63986317040747,0.166873117449753,0.944209838095218,-0.0228891979029977,1.75991052511651,0.0123227462225417,1.1562048383463,-3.62865297469641
-1.50993044386835,-0.839888513647691,-2.20341398998843,-0.995597713061054,-0.957963591122946,-1.31673946400536,-1.32709059136429,-0.282135876176097,0.526517959767119,-1.79972346366405,-6.36572003136157
-2.12408494442583,-2.18284235644753,0.08988039163009,-0.124340297353588,0.613249724337981,-2.92890450452667,-1.9659613794217,-1.38860270017321,-1.82898329646861,-1.21065078527547,-7.05654009388272
-1.23246159287312,-0.105080499657356,0.466914237303975,1.09335994054841,-0.103230303082481,1.31213533944116,0.45926539575436,0.899873652827434,-0.281867764834488,0.288122311551985,-1.18596360011636
-1.17139110905974,-0.567669413260661,-0.0681740449458436,1.69579758687607,-1.2268379516224,-1.02950346100054,0.378050676607322,-0.931176627121858,-0.128014113071771,-0.729685551801263,-9.59329505200789
0.798999605757999,1.00522210848795,-0.445661338779293,0.969975026449907,0.526574140383242,0.804965868268182,-0.253722809743888,0.528045177558371,0.0380600052496806,0.191783127695762,4.21299389510193
0.1717466644079,1.47876571071257,-0.229659638985487,2.54758947101199,-0.719602409658677,1.26191503514885,0.550442752555241,1.59166163563901,0.61851317371336,0.280670051504637,6.83388420810666
-0.845819523188578,0.813248719130862,-0.213732109194732,-0.596279366323541,-1.92415021407119,1.29583206450301,2.03706292890057,0.0269719157516668,-0.375530909436973,-1.21608346417571,-4.10861520352847
0.087672427370092,-0.460348583133838,-1.1267704440573,-1.11093911830786,-0.325049567466543,-0.279541930592505,-0.272843595802292,-0.45674566928325,-1.84752700360819,0.130471218433985,-2.69005687818303
1.36711924169362,0.821036006107605,0.211326373616209,-0.294337366292647,0.715134126725111,-0.88197752505507,-0.515265814059641,-1.11858195554973,-1.02195899607914,0.564397900309837,0.707404875050894
-0.200013742927221,0.327065951588267,-0.713978154628928,1.19249921522892,0.0730761888001063,-1.15156770651324,0.120989631766018,-1.16421224702549,0.959780006505858,-1.33575002955779,0.256145381500764
-1.11977092394021,1.12472594211949,0.46444813669341,1.40087392470692,0.0652548149048598,1.93583600948561,0.627047472104243,0.510504321916809,0.329750024631208,0.288122311551985,7.01108733475971
0.950218581732448,0.942663215675751,1.12650795887599,2.53593540093145,0.117027285601263,2.59931150485161,1.19686283220053,0.363359554823416,1.38928792951031,1.45481115625575,9.93989622894449
-0.0548775002712661,-0.461086592846011,-0.385426240355179,0.399886795553631,-1.33503070702159,-0.131705734240814,0.136169614967707,0.102391405457298,-0.869550953112605,-0.171679219928093,-2.69005687818303
-1.22873957868209,0.776359807682779,1.21833107971352,0.836740633135896,1.37799679600181,1.64956029046232,0.357874069327046,0.363359554823416,0.375931678884665,0.432732331707207,3.56633129742684
1.78316224172661,-0.167205583650964,-0.327159696778241,2.80520477029532,-0.843762859716498,-0.38522437135161,2.12833871612368,1.5970199409997,1.74278358339218,0.280670051504637,-0.174015999686349
0.581845039811636,1.11924638065966,-0.445661338779293,1.96091745096211,-0.71256552894896,1.51051268643561,-0.130303804556058,1.74436728662192,-0.209801247223542,-1.23354739368527,6.75878214454463
-0.256554429234997,1.49182456186758,-1.54165370853205,2.54758947101199,1.66950115664208,-1.00075603251386,0.550442752555241,1.06183635852617,-0.762244030163326,-0.187982163689549,8.46024329851565
-1.03013682181957,-0.72242733890138,-0.248927047104037,0.166835535172402,1.09986701005526,-0.0343266860531308,2.24022359184927,-1.10380697770584,1.69889535256995,-0.361025701110288,-5.48679405774528
0.630177526512079,-0.0310293563057205,1.3767069537621,-0.0599673215125539,0.109109157119954,0.993756332558934,0.885162262884589,-0.979763609563201,-0.00572815488559868,-0.181728884291196,4.85664357214027
0.0890534235589397,-1.10263354957923,-0.51309433777121,0.928911452390648,-1.23069996524948,-0.00763373349182645,-0.361705497566008,-0.648665815924144,-0.248249247944219,-0.556343629371138,-3.47208790367922
0.71350902848399,0.817166873179516,0.260609569513537,0.397918332982159,-1.08515699603727,-0.307246490487276,0.567681045871139,0.297805905771445,-0.659022623636695,0.832093829757778,-0.365276032462398
0.447367812467549,0.450262827848179,-0.599879043774816,1.37959154114476,0.339231664228909,0.482593374269173,0.620028242098077,1.74436728662192,3.23993422733006,0.507786100439142,4.21299389510193
-0.906132723067439,0.307250777473892,0.137013304616518,0.686798194229748,-1.08543341980062,0.478000114013895,-0.394004738683204,0.359508713126602,0.657797249941567,0.699174896714468,4.10467780558784
0.0115901774785287,1.52353599843875,-0.0654746577759561,1.10882379703195,-0.0501942866391174,-0.247165386849246,0.358413575689615,-2.09027247855396,0.299780622777019,-1.10946156228263,0.629761529020432
-0.395044364641621,0.135826921074343,1.10392204306778,0.755984458954543,1.38919916789089,0.4128046952968,-1.13323853086075,0.991694212706748,1.44458203553087,1.44507916936196,6.99135864182047
0.888753209137448,0.894827957032842,-0.120284113968949,1.96091745096211,-0.71256552894896,1.51051268643561,-0.130303804556058,1.44273583888322,0.78088245110601,0.280670051504637,6.43990220278205
0.592076440262754,0.264876763974977,0.0616556935916007,-1.16246707720775,-0.124145281921024,-0.247580916914308,-1.0298311557963,-0.062983092184656,-0.491413587707613,0.269346619116023,-1.38916368668583
-0.847755069732925,-0.640731364292095,-0.387396742215944,-1.64957525949653,0.0849668395039371,-0.21629967833898,-2.35143483080509,-0.0476346478470238,-0.498481171351904,-1.01232138460213,-5.48679405774528
0.957223703195833,-0.160463276067033,-0.552654036584867,-0.170794409438692,1.11650243823518,0.374168269953386,0.183340005445977,0.77299399043244,0.156155790928273,-1.77219444126034,3.77996503548197
0.745261299525742,0.559793520050358,-1.34007799202903,0.841700818475372,1.12412660342751,0.760214757153033,-0.253722809743888,0.322738773906009,-0.430347965037782,0.695350247553434,3.72658013322672
-2.12408494442583,-1.15580702517685,-2.02775600829585,-0.497412804945917,-1.1531647620448,0.192636576630068,-1.61339517389946,1.21463770171695,0.526517959767119,-1.19270145246419,-2.09109391970487
0.603362468190534,-0.633163859811588,-0.377644132967411,0.77780368572838,-0.0190674015891686,-0.557239347673902,1.35646418713775,-0.930651526011421,-0.0280430559982731,-0.421940370843774,0.933640223719706
-0.368553651984292,-0.851003281582917,0.972633070514023,0.413829793687189,-0.138898081638607,0.379223585082694,0.819670701627957,-0.745866364378,-0.109178578900475,-0.407710333071977,-4.69350713570226
-0.835784383227174,0.187087724133978,-0.128487601530215,0.0266271497961529,0.455937301908266,0.0120780977754105,-0.565118984800624,-0.0130348287425683,-0.86299108922573,0.15234825496305,-1.48650407341488
-0.409542416537106,-0.121009343668842,-1.87111606568583,-2.24542336831294,-0.801835133221237,-3.18005966733247,-1.51457441755286,-0.980192717882958,-1.54685530343121,-0.291922910691737,-14.8371398391783
-1.50815444427095,-0.103466843351861,-1.80402272225483,-0.644162999656134,-0.143080978138446,-1.19090206570438,-0.0278001544608049,0.530551128348747,-1.99144287308977,0.783267905022967,-9.58629984555538
-0.077631463914097,-0.461086592846011,-0.591270901224924,-0.527127348469995,-1.08993510277754,-0.654485930765829,-0.225273882223398,0.104114545693753,0.0591161264936031,-1.14828310038186,-1.29112221317712
0.253112980105326,-1.318665231536,-0.454036073437848,1.11573205093193,-1.03177226210773,0.772201489354175,-0.257035459228808,-0.225696280158071,-0.307592561992257,-0.75378666261852,-2.48201814122959
-1.04333339769614,-0.502869505029239,-0.326117495227195,-2.13357460947102,-2.02603728050476,-1.3975887597655,1.76992314192632,-0.5492454596154,-1.88698110085887,-0.721433239554193,-7.96110818331285
-0.594426219254495,0.242694051747842,0.745926308227758,-0.0254249276916479,-0.249327492074519,-2.72185348578106,0.881878446200612,0.849696868998552,-0.53614257689434,0.000247401930484797,-5.5669184443548
0.16716939198994,0.826324432879574,1.01467464156279,0.242367896005024,0.427192737518665,-0.156498173169749,0.396772951197754,0.163893675431472,-0.544220932883609,0.388122770531153,4.72416156182319
0.859499287949533,0.991432893884553,0.719228550669701,2.53593540093145,-0.719602409658677,1.3025818259234,1.19686283220053,0.510504321916809,1.38928792951031,0.000247401930484797,9.2287187383071
0.16716939198994,0.826324432879574,0.693112916866312,0.657178916263903,-0.746243638417337,-0.724824656060668,1.09346094918481,-0.137388079735772,0.218556247536919,0.388122770531153,2.12344564783063
0.788159194941265,1.30094453369465,0.244500236196034,-0.573898270790066,0.552910119254296,1.91198312765107,1.74429669527368,0.574966522994607,-0.348754529513583,0.779454414944582,4.47491841258163
-1.16313754500599,0.0229095901679332,-1.25533894815854,-1.32430666134466,-1.20660037536123,-0.969147595339833,-1.46350332057242,-0.319573661781395,0.270011274533795,-0.655534369374172,-8.42599813093106
-0.0850679677181692,-0.0566560878087468,-0.2679040782599,-1.2599677197129,-0.367951990737022,-0.579030555934949,1.02772939592811,-1.61518863196501,0.257935101538228,0.63779998722848,-1.53286353037821
-1.07848088571504,0.0518219652390155,-0.992380762252849,-0.179149022299214,0.892756294717873,-1.17483290708243,-0.259355200298491,0.8299483995051,-0.53614257689434,0.245194406644285,0.2933782145016
1.50412289926876,0.741979079887113,-0.289755964831285,0.969975026449907,1.57673929829575,-0.894957440925302,0.188411269230339,1.21898107402665,0.530250617513164,-1.23354739368527,6.58919170983375
0.737598461099536,-1.70924940606817,-0.897416657983525,-1.49517758510471,0.244737845882519,0.852294725543453,-0.225862011831135,0.108498270105953,-0.963383942106904,-1.13858665371315,-1.00727477574131
1.77450634014295,-0.0492178455974269,0.596327515882839,-1.07665973463152,-0.0818159021494504,0.126003246222027,1.53268286476198,-0.634294948541966,0.425608455664808,-0.86384098890684,-1.10726205968487
-0.42252646983943,-0.121009343668842,-1.87111606568583,-0.725583068307237,-0.524714131238154,-2.06112573999278,0.889501285568427,-1.61518863196501,-2.15688648638708,0.25907980283249,-3.50245566799539
-0.666408224983879,-0.62544507446921,-0.0820635724156002,0.962390624310452,-1.71124729702652,-0.387049749562692,-0.893056534738021,0.750932182879018,0.772226312747685,1.81667512720491,5.13970489788669
0.400975191506779,-0.0655480081168156,0.178613711995235,-0.489929350244361,-1.14027602642721,-0.511873833879566,-0.26702826055631,0.357368576202861,0.0865406758261784,-1.14828310038186,-1.29112221317712
0.581364445948678,0.813959069196406,0.0616556935916007,0.786617370970037,-0.0190674015891686,-0.538320723547983,0.461295526756593,-0.930651526011421,-0.00327556992788804,0.372511603609115,2.87887761807925
-0.859658421369233,1.39988499313301,0.223879790725285,0.706933546875413,-0.52868991643884,-0.492853758039916,1.01645305424121,0.750932182879018,0.270302822177328,-0.284127785753962,4.15291305567775
2.08808254341844,0.630836274364819,-0.289755964831285,0.635926062435803,-0.746243638417337,-1.02653713112741,1.80565074249675,0.47442834887344,0.0267503133613407,-1.19031557861164,-8.25244298913632
-2.51287828111405,-2.48038231972556,-0.611286746711804,-1.5627808943077,-1.61578525749511,-0.570464159983949,-1.19953062956873,-0.783309598721996,-0.0618946389533626,-1.79972346366405,-7.18867893282556
2.13015894121768,-0.217444041144426,0.596327515882839,-0.537722957609318,-1.22983411123598,0.79427700569699,-0.577311703308602,-1.95105885025294,0.201292582355559,-0.439989609633598,1.99953843159114
-0.405964109168168,-0.0622346226479231,0.253699760706778,0.253856971272342,0.171117680559214,0.236626098896051,-0.465162338729682,0.188117000083448,0.348170941111733,-0.895005594196191,1.77748019032879
0.213681187118889,-0.102195599380688,-0.917398981816446,-0.340787737612007,1.11650243823518,0.0768766703429306,-1.56611015879534,-0.947349360964613,-0.935642920977073,-0.180697381715252,0.00680054965183263
0.249938616062932,-1.318665231536,-0.586225674694955,-0.675207119256176,-0.175965104973381,0.973715783892362,-0.241871227565849,-0.0940276925910515,-0.366987717167432,-0.0796360422115537,-4.69350713570226
0.730051099230679,0.740936185516393,-1.34007799202903,0.89317534538417,-0.0581282557735935,-1.31521787587215,1.21490406448688,-0.190683186418531,-0.414848137249057,0.195608312518607,1.31305899367437
0.730051099230679,0.740936185516393,-1.34007799202903,1.1274846063483,-0.183010405966257,-0.475480187450826,1.82729115531969,-0.352396155648561,-0.00572815488559868,0.195608312518607,11.9340936200287
0.10455073453449,1.26577549526436,0.103716266946789,-0.241905814753844,0.509137257086997,-1.06423038138743,0.638121387952735,0.435963373043825,2.10831575885715,0.0759705448540264,0.789426952468634
-0.0404464714340842,0.280751243815786,0.883103374605792,-0.249482961830726,-0.0414663896538839,0.277231973612225,0.378779675724888,0.533134798853448,-0.455421276645445,-1.07911892083642,-0.130944396029025
-0.956815865196589,-1.23622534818026,0.0150664063297303,0.0599823037826593,-0.608695279129387,0.687006961075046,-0.74878169441566,1.42452246464474,0.348170941111733,0.943514400911802,3.92616872845788
-0.38168636072749,-1.39205115165671,-0.999154016147394,-1.19152129980156,-0.755660512640682,0.687006961075046,-1.31500794947795,-0.405244101134025,-0.694743491525434,0.176214683077654,-1.58351412461582
0.185619725234844,1.47876571071257,0.158153302439074,2.54758947101199,-0.264099779566683,2.13027920394577,0.339867826118193,0.298130963043747,0.55498593815394,0.948596061322705,6.75878214454463
-1.19710953248907,-0.446844147762267,0.650606393566334,0.15049731032902,-0.367812336676944,0.541235984179707,0.0479336662226889,1.21559533103199,0.999633272515456,-0.236847633839572,3.92616872845788
2.13050291824796,-0.508972028824715,-0.327159696778241,0.303528000783377,-1.06652818861912,0.859173288028674,0.20110442405351,1.11573978478837,0.816818408258944,-0.562511307884176,2.71309390765888
-1.48714504840236,0.27179778402697,0.408108606590455,0.11889010924371,-0.155224909549046,-2.72185348578106,-0.0263280937349334,-0.273667030296412,-0.751112211712106,0.428631766681583,-10.2504373160466
0.0512814457712079,-0.466339194663468,0.817573848732021,-0.168177295501373,0.395570261785027,-0.0784505715994852,-0.626747234653068,0.294168463040935,0.277946452371191,1.27035016073293,2.94844097937261
-2.11211698291315,-2.18284235644753,-0.611286746711804,-1.5627808943077,0.397883453072916,-0.280998409866383,-1.31042226594755,-1.12943071447101,-0.160739927523028,-1.94750325999018,-5.48679405774528
-0.418782120597889,1.4031909215957,2.0956429030027,1.43812087686033,1.71946600935723,1.03165116168566,1.20702550293326,1.33025080283041,0.031706146761673,-0.0250905172448539,8.46024329851565
-0.163387766945994,0.304106293086378,0.883103374605792,0.283738808660237,-0.249327492074519,-0.426168655273269,-1.13323853086075,0.358623097681927,-0.109178578900475,0.269045873339004,2.52862839876169
0.789794180074698,0.497668366841056,-1.34007799202903,0.341138162823776,-0.183010405966257,-1.06774495382785,0.254931365771691,1.41230247826753,-0.414848137249057,0.839339204905602,7.43248594733826
0.648811131303006,1.40817964304347,-0.216963456644702,2.54758947101199,-0.235673131041502,1.26191503514885,0.947207973660823,1.33611547788022,1.38928792951031,-1.23354739368527,6.83388420810666
-1.75583386279965,-1.15028073378926,-0.725292386846729,-0.332345525794711,-0.261031760276872,-0.316945767689312,-0.169261791287073,-0.430568668088662,-1.21155189120787,-1.44909686524127,-15.5967945643338
0.357528358441762,-1.86250597725205,-0.454036073437848,-0.845272515422733,-0.474379719968344,-1.90164247931396,1.73230284774033,-0.459383992741288,-0.626580226485636,-1.20566966051479,-6.12303970816024
0.798999605757999,-0.235174701946347,-0.887382537021798,-0.116628831607469,0.122335232455926,-0.295968266024297,-0.825072417320803,-0.947349360964613,-1.21883682830608,0.1437991441039,-0.501900985036242
0.950218581732448,-0.533558905752243,-0.991017319902435,2.37171613206403,0.209610537123091,0.629211886975234,2.12833871612368,-0.225696280158071,1.17162802800303,0.327588727556996,3.72658013322672
-1.45440684534367,-0.812914003439587,0.25827606383233,-1.3269728733631,0.198034166693746,-1.07641514441854,1.32055514151505,-0.809662883574201,-0.865484436660703,0.0484891701331863,2.82805602770754
0.117032341294189,1.26577549526436,2.48091030300589,0.853299568662612,-0.259278578098685,2.31182075393199,1.20702550293326,1.16788260212549,-0.108529473042401,1.87861045376702,7.17519007267455
0.512905214535869,0.395476118713696,0.995394636123657,1.41619605407534,0.485032212208724,0.636230763837254,-0.224033472661536,0.872556172766948,0.79719809236186,-0.0250905172448539,6.51942352081999
1.54386627607051,1.9256300825088,0.634233628068998,1.90301777628196,-0.719602409658677,0.257805668443087,-0.130303804556058,0.936232103762738,2.05431764434306,0.786951316126053,6.43990220278205
-0.585021561107594,-1.82327570598849,-1.47939338443776,-0.0576964291040721,-0.0338660475572231,-1.82034684807583,0.536661711524322,0.929295257320376,-0.578423593343899,-0.187982163689549,-0.246295495532156
-0.904196945121926,0.307250777473892,-1.75357060654816,-0.506560486562115,-0.801835133221237,-0.934797125446165,-1.59547246910787,-2.12248836435101,-1.03207844874659,-1.44499000940129,-4.20673669343438
-0.0102863495508865,-2.22144172794142,-0.309855957983549,-0.104263763204855,-0.00367951230360371,-0.737490661862707,0.638121387952735,-2.37283692317107,-0.369670043461434,0.385510108634302,-2.90187040057433
0.825910118762913,-2.03045404464793,-1.34448885321587,-1.02081723101754,-0.524714131238154,-1.16675690248788,0.0786636369357112,0.928726472617034,-0.574587715075188,1.23167946151049,1.25708850718711
-0.12717456101897,1.33822723527286,-0.626742305708302,-0.478974341592198,0.560573230563277,-1.40671458381301,2.05799830358223,-1.20688665089861,-0.842549105995507,-0.885705237226201,-1.05479724399058
-0.122784580728878,-0.763979897259904,0.0267213692731199,-1.39512619233662,-0.084005270019379,-0.0121057203883524,0.621724903757653,1.32983401695411,-1.76369426797953,-0.144509662506859,1.29541191891738
0.185619725234844,0.592544680877781,0.152372705454001,-1.16246707720775,1.22341528479032,1.95861631081106,0.361601821143359,-1.67296735206004,-0.143116412155089,-1.77581366161293,0.770437508036982
-0.91767006810478,-0.826729690765705,-1.60668372317323,-1.26706708372162,-0.801835133221237,-0.991322912246055,-1.31042226594755,-1.42627917455253,-3.34351965067067,-0.439989609633598,-11.0725478885596
-0.594426219254495,1.04156323619466,0.46444813669341,3.385370157753,0.276882349774972,-1.07641514441854,0.550442752555241,0.793916323134544,2.12564151322388,0.813209682149499,6.69089693701369
-0.181354512119652,-0.54784255010015,0.6163684711629,-0.261870022667728,-0.825828088126015,-0.684782817864749,-1.02011572220656,-0.373519318836927,0.222744666113429,-0.920427344954878,-2.28586150544302
0.735036394789421,-1.70924940606817,-0.221798557117081,-0.845272515422733,-0.624447328859517,-1.82034684807583,1.73230284774033,0.269433641878489,-0.963383942106904,-1.13858665371315,-1.73654404346794
0.878072570857333,-0.128901488086321,-0.56700985671608,-0.753679549700322,-0.613669542528029,-0.38522437135161,-0.78980995501134,1.06430628509793,0.065607220160324,-0.144509662506859,2.75599507773305
-0.0802618188199839,0.49574788613476,-0.0555759522815941,1.58929411327202,0.541189173913183,0.328077777065039,0.597095913616586,0.812357400032576,0.58532499379006,0.943514400911802,8.5034390235903
-0.334130364542292,0.513954776408947,0.800014924293608,0.394203894634035,-0.239988026113219,-0.374444543549867,-1.04673964301564,0.163893675431472,0.277946452371191,0.0233067856805821,3.84508478832672
0.179317757291135,-1.21338798328554,-0.253171824195051,0.806273192610981,0.821901002899685,0.829345470374038,0.0708389007722225,0.419035469833035,-0.307592561992257,-1.08784140952728,3.99115994821854
1.54386627607051,2.48374564612717,1.8142391689385,-0.380325283448556,1.47530369920191,0.849190374647871,1.19570237300936,-0.13637847021689,1.80658993982525,-0.0606645020903061,4.03970020568417
-0.390816913871744,-0.0622346226479231,0.131621268850379,0.122494204397119,-0.608695279129387,-0.0771654999672398,0.160701625406991,-0.124671976017588,0.26492382362577,-0.895005594196191,1.81138427183883
-0.704528623271189,-1.29982082113238,-0.132249000290411,-0.124340297353588,0.22992302805406,-0.996760518534079,1.11906916051399,-0.82486626958844,-0.351508657433572,0.315853094135658,0.0549536817800158
0.929061770683383,1.58868595839256,-0.113731799777936,1.20246267623862,1.0242360656876,0.511898157872789,-0.556157182049366,0.748391234536055,0.156155790928273,-0.719735293963427,4.78085513326006
0.681458380573291,-1.05137763337595,1.07956005813577,-0.0788395428187778,1.53627725522475,-0.0710288811314853,-0.0515018610339828,0.522882854752204,-0.214618932940223,0.226329623668639,5.0876919844396
-0.938944126065361,0.00387662733987199,-0.445606985107202,0.510585333589466,0.0834751060962047,-1.18110266560346,2.09382952860684,-0.902782372121464,-0.751112211712106,0.792679637446199,1.75718933221911
0.503482070895454,0.395476118713696,0.587527897955837,-0.699417657880821,-0.613669542528029,-0.398867653955648,-0.96771127542823,-1.21326282222331,0.451254186814972,-0.986214833043446,-1.8528278764431
-0.854972096427903,1.39988499313301,-0.221687560883491,0.712956443981902,-0.966592568323325,0.520441557811324,-0.321377192954743,1.1199713093153,0.657797249941567,2.3453595658104,4.20332042169818
1.45462217941441,0.868829285618248,0.885403939819462,1.41734311529916,0.540060241701012,0.134137314173721,-0.424802752806613,0.872556172766948,0.79719809236186,0.730923535759053,8.18949916672276
0.651222594869978,0.307462354766578,0.966507712885013,1.2881102702162,0.485032212208724,0.636230763837254,-0.224033472661536,0.936232103762738,0.738433769304591,0.923516476453315,7.46692931469812
-0.250363933725014,1.49182456186758,-0.0592161561965816,1.96510138347007,1.01137282954751,0.511898157872789,-0.432352011300472,1.46722707130894,-0.383580035119774,0.425191742857067,6.69089693701369
-0.122784580728878,-0.763979897259904,-0.789920388215981,-0.0740434632607006,-0.702683731163051,-0.753240572700194,1.09346094918481,-1.61518863196501,0.120057683817738,-0.478247695866155,-2.28530706317135
0.296489330118012,0.0542378676813267,-0.0719535249186792,1.59287938791742,0.339231664228909,1.0246350061648,1.49034655235724,0.783028356224826,0.0396794347925567,0.246225798707029,5.32377755964512
-0.484336893739593,1.08782635943235,1.10774298979442,1.94600998805936,0.117027285601263,0.0712014992576589,-0.216970142138255,0.872556172766948,-0.108529473042401,1.48408038021733,9.77604882288681
0.84991086662773,-1.10837168142497,1.19053535734261,-0.0357577147260693,-0.914892856476432,0.056658423574905,-0.173433023433182,-0.413587605950369,1.59337818269899,0.660769073968831,-3.47208790367922
0.974707826855667,-0.122356460118098,-0.552654036584867,-0.753679549700322,0.11203782029689,-0.701306593025023,1.06382615634514,0.653823121957262,0.191538839299942,-1.77219444126034,-1.49637572431122
0.990244561682337,-0.122356460118098,0.118322652749924,-0.343562196073918,0.689645214686627,0.914683643169003,1.58744003960496,1.11573978478837,1.97154243344966,0.868845715196759,10.1146661692615
-1.80990808007622,-0.156890754281359,-1.37400542464663,-1.18044699874672,-0.143080978138446,-1.15814781549184,-2.33360600190753,0.530551128348747,-0.936395221934904,-0.0407694961471414,-11.8094082103107
-0.878414176305638,-0.972991550722847,0.489807489037883,-0.71272911016318,0.364834768680054,-1.07641514441854,-1.23265953356564,0.0202608677366116,-1.92422319578955,-1.48068048679693,-7.26166486104406
-1.14525671143505,0.553580824348041,0.286750443137041,0.00528493607421536,0.97184707435467,0.393318192282685,-0.433427487057349,0.0116266941201522,0.638676898212868,0.0233067856805821,1.36743373840128
0.568919872885586,0.920614274996342,-0.898636155998145,-0.417954408228051,0.431110206457932,-1.46541553080748,-1.24143329741912,-0.883718832895792,-0.454034597510964,0.372511603609115,-0.398078410750291
0.0297643300031743,-0.193154054235576,1.14495507179193,0.755984458954543,1.20135162200548,0.875122716228833,1.59321198072661,1.15668070877029,-0.561629390359144,1.45768387502417,6.84031792594349
0.490681866764701,0.433314370423217,0.18072339838407,-1.16246707720775,1.11127398039947,0.914683643169003,-2.35330263793989,0.0872516993018458,0.244971248795724,-0.371826312652895,0.770437508036982
-1.32675777861709,-0.383159003053845,0.13234938634579,-0.453336956332283,0.78371421823967,-2.92890450452667,0.213607248068147,-0.364055986075111,0.375599933671859,-0.770022065449651,-0.855545696764395
0.420563738802533,1.51995216037977,-1.41410328057349,1.20246267623862,1.54874388669538,0.226292964173019,0.0713933893075681,0.18248952032299,0.649430841138654,0.04466510708189,6.20741735933679
0.135368204393959,-0.13532512284152,-1.26956325496212,-0.340787737612007,-0.703193241049827,-2.15718522298702,-0.75688794393241,-0.0614047958215071,-0.574587715075188,-0.671893710819835,0.579982133113215
-0.730582190824336,-0.508356603095821,-0.505062635595261,-2.13357460947102,-0.684869937996427,-1.40602049312728,-0.640399445775041,-1.42627917455253,-0.390694073017732,-1.1463558889529,-10.2504373160466
-1.19710953248907,0.106563706589125,-0.220701577262708,-0.24170512820507,-0.977691932347974,-0.684782817864749,0.259067668805552,0.122852624683053,0.0966290944173767,-0.897435129345619,-5.1177190083079
0.573049442484334,0.288173712882364,-0.0877933847127785,-1.16246707720775,-1.0038980042359,0.76884534597238,-0.800044823632449,-0.0410452116990975,0.533258883253301,0.782591824213061,2.67394697916237
0.0835099700944892,0.405065693302985,-1.39586961675193,-0.153452937086375,-1.31316699593376,-0.229094602818879,-0.492540819679523,-0.492253287035925,-1.7273923393086,-1.37294943966805,-7.56083696208159
0.681458380573291,0.23804185796429,0.260609569513537,-0.683134892335717,0.11203782029689,1.54348212893038,0.564481592549431,1.13877376328436,-0.348754529513583,1.33749352855737,5.15659168486741
-1.13219735524616,0.345365473274547,1.30651175772901,0.431431431941797,-0.00163363464158328,-0.483799581352439,2.09382952860684,-0.545950270066077,1.55648452598235,-0.616048925416943,-3.12524122274371
-0.574728705263644,-0.519558006798371,-0.523098525148027,-1.33533998399651,-1.29250952406317,0.35956361776565,0.583586049185445,-1.43958292503172,-0.287089906538264,-0.349360351123001,-1.00850999945641
0.0678651046927518,0.430171142368514,-1.0568084709954,-1.11093911830786,0.369031892923961,0.811583984757587,-0.75688794393241,-0.420927996577009,0.825122290348852,0.195608312518607,1.43211507510367
0.9453577882681,-0.674099604265089,-0.991017319902435,1.08895815000217,-1.03177226210773,0.667502095904741,-0.257035459228808,-0.225696280158071,0.69279696120425,-0.641038982613479,4.2908174482567
1.16117480272294,1.2568235702901,0.47419886884741,-0.553414561808785,0.552910119254296,0.325155878073705,0.916300801998062,-0.984710037067531,1.3811206826643,2.22013751880465,4.68869361643039
0.88882902091297,2.43123634224668,0.609626798281929,0.329382955265867,0.403576250114096,0.983320107332711,0.121538424503406,0.358623097681927,0.57866079439835,0.0138106948815109,6.88789938313422
2.46709397641471,-0.508972028824715,2.24152075026157,0.117548200513824,1.37717280428084,1.87381869075223,1.23967431266155,1.63215108419251,1.57761352311371,0.226329623668639,7.25546679903713
-0.711968150947908,-0.159908327214838,-0.75225854743634,-0.447213303860091,-0.735272706160052,-2.15718522298702,0.889501285568427,-1.38616293264107,0.0260444471020456,-3.05663133574616,-4.24401275385872
0.630177526512079,0.259357292933652,0.39401990450178,1.1304467481698,-0.140909134410728,1.03258162954505,0.957459866042211,-0.568779862005913,0.0772453170775211,0.0138106948815109,3.73781533562916
-0.216840131270545,-2.24698741819515,-0.309855957983549,-0.124340297353588,0.22992302805406,0.672142134392484,0.847654873528094,-0.14657927646901,-1.20190626663431,-1.69263815754693,-10.6170824769633
-0.0404464714340842,0.280751243815786,-0.0877933847127785,1.58929411327202,0.339231664228909,1.03184992719402,2.06600959427264,1.46722707130894,0.0396794347925567,1.36509425097817,6.02913589895521
0.818776639170231,1.30094453369465,2.78817730160785,1.47320527950138,-1.3720540438561,2.21587812669143,1.07455180580017,1.86380718648464,1.1015233672586,-1.12760159797898,5.13510119266289
-1.18936535962203,0.106563706589125,-1.69352453304521,-0.313298529504386,-1.80606167616495,-1.94800843861198,-1.32709059136429,-0.918113905475072,-2.15495782003004,-1.33183818879856,-10.9320122740575
1.17031410026977,0.0977132031218977,0.940618282549369,0.917374922200722,0.16396461531774,-0.161866659178589,-0.659452502019936,-0.514203463330511,-1.78219282670972,-1.79725232805679,2.55307055732675
0.87499928569524,-0.128901488086321,-0.600629417816981,-0.753679549700322,-1.08260334800641,0.79427700569699,-1.41544570418385,-2.02665967362222,0.451254186814972,0.941958026409445,1.99953843159114
0.881258247682063,1.25412376958267,-0.0162265331936767,-0.294337366292647,-1.15102825720773,-0.475537601259664,-1.41544570418385,0.0693439118697863,0.2552739885647,0.269346619116023,5.25717665779544
-0.76789012579967,-0.801733107680653,-0.0850576500211721,-1.84155037451702,-0.702266889605928,0.35956361776565,0.368904995436846,-1.22888463492232,-0.494756574678047,0.682163888752232,-3.25646466643163
1.22221978832846,0.0348595720617505,-0.415584551057745,0.662314020146248,-1.38361890660393,0.79427700569699,0.837204346963236,0.528045177558371,0.826673611008251,-1.23354739368527,5.14511699178861
0.630177526512079,-0.937359311398702,-0.0705614342619073,0.609965950321432,0.0054407083703756,-0.400958708939568,1.35380985708455,0.306742491817413,-0.289883280946311,0.183058199644254,2.87887761807925
0.204818800443757,-1.10171194327365,0.961315273401459,-0.0357577147260693,0.525263536049698,0.871328357965964,-1.14265776620135,-1.71842192233402,-0.455421276645445,-0.581062994402468,2.81892536016662
0.182147911056946,-0.833541605390711,1.20466134934231,1.18261727272124,1.20135162200548,-0.822065138636767,0.00650843553424309,-0.514203463330511,-0.561629390359144,0.229417984560442,4.18614211860814
0.182147911056946,-0.223896111699349,-0.654301073775078,-1.03198234220533,0.35917659256287,0.621821191504831,-0.518347366821855,-0.494171412962725,0.952854102484302,0.63779998722848,2.18302071924661
1.72129048405407,0.895305107874639,0.827321506028856,1.32984508277624,1.83335144735717,0.134137314173721,1.45198714456205,0.174556023235461,0.566628149074839,-1.52594360664498,10.0630851615836
0.965168375902871,0.942663215675751,0.612413900028674,1.47320527950138,0.540060241701012,-0.688305352387598,0.276492785898927,0.793916323134544,1.64272751516845,0.189633625032607,8.18949916672276
0.199736597053662,-0.309072829785122,0.26015107373179,1.36742001268004,1.52764698296997,-0.417236260380052,0.0713933893075681,1.50924127242323,0.381912186689241,-0.225560416062398,3.10707004847048
-0.227596383939583,-2.24698741819515,-0.309855957983549,-0.124340297353588,0.0284885768468258,-0.737490661862707,1.16427410110597,-2.10511900919588,-1.20190626663431,0.792679637446199,-1.48650407341488
-0.0729021575619517,-0.633736603180546,-0.591270901224924,-1.57330250145811,-1.84032933180411,-0.161822275745025,-1.41544570418385,0.104114545693753,-0.689939107343386,-1.6061500957689,-5.51228143713551
0.505328544553034,-0.475624818065387,1.11531852170819,0.838166113863004,1.20135162200548,0.026733603799533,-0.0679516651024974,1.51259894760679,3.23993422733006,1.40425798720011,8.5034390235903
0.91857408293391,0.433635444480946,1.36508259697414,1.52623624068068,1.60532978017014,2.56394624705113,-0.651280141060793,0.734324098027221,1.34175844559625,0.595516922338214,10.195441679822
-0.762562479628813,-2.17298813185325,-0.765180502872986,-1.5627808943077,-0.125371971905908,-1.16675690248788,-0.646880243266048,0.880878382521559,0.615049564642412,0.245194406644285,-1.53286353037821
0.420563738802533,-0.0655480081168156,-0.708110158912782,0.0475616441076293,0.123255516457181,-0.701306593025023,1.15329658898812,-0.245320998906783,0.0772453170775211,-0.421940370843774,0.0237825805403799
0.563706915942356,0.920614274996342,2.02468074592072,-0.144016733709405,-0.259278578098685,1.37592856590199,1.03347600130291,-0.124185340600765,0.632033681935158,0.663113307108357,6.00892831194475
-1.50993044386835,-0.125048623925158,-0.437856691509755,0.337122781114665,-0.453213264608402,0.737511303794715,-0.79305215777269,0.359508713126602,0.577119181552524,-1.41851347962179,-0.797939391629498
0.737598461099536,-1.70924940606817,-1.63536809175322,-1.02081723101754,-0.143080978138446,-0.314543520570771,-0.118012169905315,-0.152808954170085,-0.936395221934904,-0.445901696867517,1.2005860002386
1.00556095835054,-0.585613057162028,-0.212023852630714,0.530590961289229,-0.560874370851493,0.58302667937677,0.316701797810999,0.419035469833035,0.735569109473594,-0.535174263307195,1.99953843159114
-1.99268834022858,-1.05125937643608,-1.76143216539147,-1.05789604212424,-0.454219508725235,-0.00763373349182645,0.23335182746731,-1.61518863196501,-3.34351965067067,0.449602214901547,-10.4951129140359
-2.51287828111405,-2.48038231972556,-1.7856125104488,-1.18261627869394,-0.524714131238154,-0.222130523207857,-1.31042226594755,-1.47744504414272,-2.15688648638708,-1.20566966051479,-10.4951129140359
-0.967006938936192,-0.736331982332174,-0.248927047104037,0.166835535172402,1.10287806372732,0.145293829184276,1.59825918818506,-0.290341975809183,0.731543587034369,-1.08784140952728,-3.89164305907394
0.291533980672794,-0.290470814262604,-0.654301073775078,0.377874239862882,-0.415346863400662,0.900291465513939,0.824242001132732,-1.23956679765305,-0.699320621391985,-0.337871512007991,-6.12303970816024
0.135368204393959,-0.540994907095902,0.0731597961069547,-0.056699731794658,1.90969071506652,0.457343688853144,1.01789222938616,0.355141273578243,-1.07036778282588,0.42391118927702,1.38400896866751
-0.390816913871744,-0.0622346226479231,-0.836255895194188,0.871287729789589,-0.193579353604896,1.07289261816057,-1.13323853086075,-0.359704021780227,0.624616254472977,0.647322091072462,4.2908174482567
1.56782353918699,0.295558747239023,0.730851982886535,1.61386367389095,0.339231664228909,-0.772046028000798,0.00650843553424309,0.00260320081644056,1.13541153638893,1.38741496932575,6.99135864182047
1.14050381062736,-0.160644691651668,-0.353333713167688,0.303528000783377,0.123255516457181,0.374168269953386,0.300211462675526,-0.486826531993672,-0.0280430559982731,0.1437991441039,3.72658013322672
0.412384047353218,0.827363307141002,-0.0207389658222639,-0.306169537312051,0.961944143253345,1.91198312765107,0.0039299364696166,-0.0410452116990975,0.244971248795724,1.12267004247669,9.93989622894449
-0.0850679677181692,0.49574788613476,-0.0555759522815941,1.61307793843933,0.339231664228909,0.348992662163515,0.597095913616586,0.812357400032576,0.657797249941567,0.0803538971597125,5.56738570039616
1.95313773126195,1.55498482897064,0.827321506028856,0.61823978438732,-0.337034095817186,1.32654857549902,1.73227863347346,-2.14593934580352,0.0772453170775211,1.2528333193957,4.35694138928647
1.22305305687524,0.282633787895893,-0.177073650541132,0.530590961289229,0.378177343854167,1.75201424389258,0.674613105044581,0.528045177558371,0.274316031838819,0.537865754913162,4.21299389510193
-0.0552924602322848,-0.461086592846011,-0.883480414232518,1.91220123752183,0.209610537123091,0.629211886975234,-0.104132637744485,1.46722707130894,-1.13841757515056,0.0803538971597125,3.99115994821854
-0.321931480051805,0.935984790025217,-0.898636155998145,-2.24542336831294,0.0434097578822859,-0.516414692508957,-1.48919980625048,-0.0809953372065881,0.257935101538228,-1.33575002955779,0.256145381500764
-0.260226769588381,-0.0435462207934892,-0.625163155983176,0.0115975696263054,-0.0542407544480118,-0.753240572700194,-0.683940312718717,0.530551128348747,0.348170941111733,0.917276397252849,0.2933782145016
0.812596610902911,0.559793520050358,1.15642884616742,0.84927818003053,2.32519001706187,-0.759691580513064,-0.336065214414265,0.00279536823956305,-0.986112175982279,0.683183413387013,4.68835142009481
0.29738611167111,-0.285648121991664,-0.414051083064282,1.10968895743329,0.103571258752316,0.804965868268182,-0.378166171097179,0.907634101592166,0.692562802847374,0.246225798707029,2.13553664591876
0.630590304779001,0.307462354766578,0.966507712885013,1.41619605407534,-0.548132173408339,0.795286937730241,0.0370888922678466,0.860527676274152,0.660216164599731,-1.12760159797898,1.10689483120698
0.437140869116488,0.210841214985475,0.650136958807758,-1.07665973463152,-0.124145281921024,-0.932241820862945,-0.672665290033249,-0.479725428745295,0.283955760648591,0.388122770531153,-0.434288700628928
-0.320017471780398,0.960636928492299,-0.379180847567863,-0.857908984614837,-0.304386627776853,-0.928469302620428,0.0416231942772839,0.421860475578025,-1.51045918467049,-1.33575002955779,-2.03647865503421
0.696674450731135,-0.503256358818272,-0.0462449474354566,-0.394867398429741,0.433799551215651,0.672142134392484,0.847654873528094,0.745638224985094,0.968754280188347,0.253873963845383,3.77996503548197
-0.620344599500036,1.04156323619466,0.46444813669341,1.10669740537797,-0.0119488753494278,2.02374829807408,-0.216970142138255,0.584068631876877,2.12564151322388,-0.242370709737665,4.21159296550702
0.133521102419665,-0.13532512284152,-0.414051083064282,0.399886795553631,0.509137257086997,-1.25873557332977,-0.104840961509309,-0.0614047958215071,0.472117856840151,0.495511826549116,3.72658013322672
-0.121269662337516,-0.763979897259904,-0.789920388215981,-0.567171374659683,-0.174743201820507,-0.402675274151368,0.0122792366709023,-0.944363688330069,-1.22041495583832,0.130471218433985,-2.69005687818303
0.695576746291532,2.07719883336399,1.57468949495067,0.0308815513887915,0.0668218869268226,0.993756332558934,0.121538424503406,0.116375333741807,0.513375087061725,0.790976589759952,6.50801118852847
-0.0850679677181692,0.49574788613476,0.490712571337286,-0.261870022667728,-0.00630954537915876,0.277231973612225,0.361601821143359,-0.962700715711744,-2.58170321309428,0.0233067856805821,-3.40230204316672
-0.75316592222814,-0.0623797044429407,-1.02513608547633,-0.527651196385243,0.417423259970414,-1.74479983303628,-0.640399445775041,0.320546497423986,0.0591161264936031,-0.949886056731984,-4.09103089594775
0.185619725234844,0.592544680877781,0.152372705454001,-0.661889098289787,-1.14027602642721,0.556569350284772,-0.577311703308602,0.961976042265306,0.235095854331379,1.71470112276391,1.82628985336541
1.08672759709483,-0.0542147410579513,0.940618282549369,0.199911616899221,0.372995847868419,-1.08850590518039,1.15329658898812,0.604073442820455,-0.487695756053623,0.613572260697696,4.18614211860814
0.447367812467549,0.162240469053071,0.917321167936557,1.08268501019786,-1.1786783269658,-3.04421603357246,-2.21934220408777,-0.813808726876811,0.0530821266054306,0.388122770531153,-0.450207103950155
0.581364445948678,1.11924638065966,-0.445661338779293,1.96091745096211,-0.71256552894896,0.257805668443087,-0.130303804556058,0.0887192492758046,-0.266836431666938,-0.187685921539406,6.75878214454463
-0.175509150966392,-1.1966466884476,-0.707283562271208,0.139808151208228,0.22992302805406,-0.773896404036322,-1.31671843374891,-1.16421224702549,1.08825675140909,-0.764189426636677,-2.94441974142692
-0.403121763129729,0.0150618137274857,0.131621268850379,0.253856971272342,0.455937301908266,0.0120780977754105,-0.683940312718717,0.971202059437339,-0.86299108922573,1.03090229400129,3.41283118311103
0.437140869116488,0.450262827848179,0.320079613050462,1.16058980022967,0.526574140383242,-1.06423038138743,-0.336065214414265,-0.930651526011421,-0.214618932940223,0.967260243267666,8.5034390235903
-0.546603398307421,-1.71039274621648,0.16815654062731,0.0837551262586163,-1.24661324710387,-0.577774332494422,2.33985067161524,0.840703392825052,-0.869550953112605,-0.0210844545204186,-2.15141379887733
-0.121269662337516,-0.763979897259904,0.772872311290722,-0.0347387309624467,-0.982534838477731,-0.753240572700194,-0.581299882965531,1.14909684324324,-1.33004103447836,0.000247401930484797,1.25708850718711
0.200473606685826,-0.309072829785122,1.16404182892075,0.715537321997514,0.8921913230746,-0.522686291070352,0.188521044178157,0.991694212706748,-0.561629390359144,1.44507916936196,5.24758073149842
-1.22873957868209,0.776359807682779,0.504772113583849,3.385370157753,0.276882349774972,-0.0716225522068342,0.947207973660823,0.793916323134544,0.0651090394120889,0.288122311551985,4.75956458978262
0.453434668034017,0.210841214985475,0.34164041920943,0.397918332982159,0.378235396779173,-1.08850590518039,1.35967914771435,-0.403452699027751,0.649430841138654,-1.26370141615157,4.18614211860814
0.420563738802533,-0.0655480081168156,0.0689343486814797,0.0868811476879675,0.961944143253345,0.757265787437365,-0.253722809743888,-1.04420365896201,1.39237611077691,-0.181728884291196,7.4995826277588
-0.320017471780398,0.608199169745327,0.490712571337286,1.10669740537797,-1.92415021407119,-0.818934747306682,0.378050676607322,0.899873652827434,-0.267363562125002,0.813209682149499,6.43990220278205
0.291533980672794,0.0542378676813267,-0.528900531198379,0.234257464113233,-0.179183222371151,1.94798597993364,-0.0943915519197016,0.961976042265306,0.26492382362577,0.476412624162346,3.92616872845788
0.990244561682337,-0.122356460118098,-0.552654036584867,-0.746430139749984,-1.08260334800641,0.79427700569699,-0.800044823632449,-1.04420365896201,0.201292582355559,-0.680323308503242,1.99953843159114
-0.904196945121926,-0.743617247188651,1.49745514859623,-0.139303534099171,0.792245626887829,1.87381869075223,0.425154881362793,0.422215243416823,0.10133412806499,1.27035016073293,5.73355157969233
0.719427413425718,0.740936185516393,0.966507712885013,3.9472011470477,0.117027285601263,1.14579172527847,2.03783164122646,0.655826737984703,1.74278358339218,0.0144403972806963,9.2499270850939
0.603362468190534,-1.45947551700741,-0.454036073437848,-1.09027395128564,-0.387949181204944,0.772201489354175,-0.241871227565849,-0.494171412962725,-0.963383942106904,-0.0796360422115537,-1.49311074534997
0.648811131303006,-0.304298220028021,0.661051987921846,0.400596270750512,-0.6814554928566,0.0623235355321941,0.567681045871139,0.201109594323869,1.64317286249176,0.810622854443471,0.99264130074248
0.370151759409513,0.94241932200387,1.8448976681447,1.43812087686033,-0.201359716823467,1.29878190560266,-0.00818514578561796,-0.745650210411729,-0.759874354241015,1.36911245450593,-1.30911830455971
-1.20253628187403,-0.446844147762267,0.228558869834964,1.69579758687607,-0.252608598559493,-0.411242175217394,2.24022359184927,0.929295257320376,-0.652069841876027,-0.0210844545204186,-2.15141379887733
-0.0850679677181692,0.277439950003033,-0.0877933847127785,1.42642997007546,0.218170406532918,1.75201424389258,2.06600959427264,1.44996525954721,1.76657130474533,1.06661008159249,7.49209304289066
0.260308818671451,1.26256292487744,0.103716266946789,-0.270397714595213,0.270132259344578,0.348992662163515,0.426308656399346,0.355141273578243,-0.00949126507448906,1.12267004247669,2.94844097937261
-1.14437255296826,-0.35651148844885,0.466914237303975,0.525219146861325,0.171117680559214,0.236626098896051,1.09110490039784,-1.1407788892931,0.13534668561982,-0.297967292827877,1.09182815682778
0.563706915942356,0.920614274996342,1.8448976681447,-0.0733564183944527,0.22467449419704,-0.672364886095927,-0.345876312114669,1.14909684324324,1.33036815459125,-0.494611640617197,-1.70927857929425
1.25961516671571,0.460875940502198,1.30962757382721,0.894072526126464,-0.076015871194661,-1.31521787587215,-0.717300667594367,-0.816566943359288,-1.35562263400577,-0.406947070398959,-4.28901638955965
-0.0324102597800807,0.902594957124578,-0.567487078973847,0.928911452390648,2.53322440128882,0.775266443827562,0.845720683621683,0.477634036887762,0.61851317371336,-0.473668128154588,4.09286459497367
-1.20348205114071,-0.446844147762267,0.228558869834964,-1.05854386564403,0.288024831390453,-0.90385083939619,0.592981297424534,-0.809662883574201,-0.713101488355343,-0.770022065449651,-6.66632777013481
0.957223703195833,-0.160463276067033,0.655863609050387,-1.07665973463152,0.228847586996476,-0.336899583584046,-0.818399482176621,0.293095097762799,0.283955760648591,0.63779998722848,5.04631585790753
-2.11211698291315,0.318995494508514,-0.455193159765852,0.0778635595285983,-1.18059020809004,-0.60396276835155,0.378050676607322,-1.89912960376858,-1.46654056898956,-1.21608346417571,-6.39076621259112
-0.730582190824336,-0.508356603095821,-0.505062635595261,-2.13357460947102,-0.808348967246167,-1.75881771050821,-1.98262253904411,-0.430568668088662,0.514783365196334,-0.552652262926558,-12.2980421820103
-0.122784580728878,1.33822723527286,-0.370305214969645,-1.10476393240739,-0.357535516039818,-0.492853758039916,-0.778870324550522,-1.23488282802294,-1.43260495935964,-1.7612340857176,-6.515881942124
-1.06453777694312,1.32533453002524,0.223879790725285,0.377001800785123,-0.432803558940385,-0.492853758039916,1.09346094918481,0.704053956180606,1.71858874697073,-0.0210844545204186,4.75414298955368
0.447367812467549,-0.503018642473712,-0.378810159279763,0.399886795553631,-1.0183566782097,1.55873085478538,0.824242001132732,-0.486826531993672,1.59337818269899,0.647322091072462,-2.67677615724457
-0.751562684940013,-0.847608750281571,-0.997343659305483,-0.527651196385243,-0.174743201820507,-2.15718522298702,-1.18378212282465,0.530551128348747,-1.38480728136346,-1.19270145246419,-7.15882017974908
-1.04333339769614,1.32533453002524,0.345042941276507,-0.336683947012905,0.0434097578822859,2.02374829807408,0.425154881362793,0.0351592371285644,0.034484747265245,0.432732331707207,8.46024329851565
-0.935632113882755,-0.826729690765705,-0.431192575889676,-0.639872244700285,0.800184267955688,-1.17483290708243,-0.254566703690446,-0.797278196364214,0.534415419526325,-0.929717351740129,-3.95264314334558
-0.296204239101785,-1.20436228898257,0.146831134210473,-0.124340297353588,-1.10189102801968,0.609135294739144,0.0717762884936336,-0.0963394311602401,0.26492382362577,0.265909009315609,-0.222189238958079
0.420563738802533,1.51995216037977,0.158153302439074,1.05743960230442,-0.0179528006894498,-1.02629287139096,0.764010421354177,-0.0940400731697595,-1.35562263400577,0.269346619116023,2.87887761807925
0.253112980105326,-0.178756458758326,-0.654301073775078,-0.675207119256176,-1.14027602642721,-0.18393974977277,-1.4562411138563,-0.359660479426939,0.451254186814972,-1.29617030653257,-4.92044786341495
-1.27952210142741,-0.0147372744866336,0.632341462609758,0.299168888069573,-0.271177601641275,-0.108678622831642,-0.812288733986547,0.453811545646359,0.333860228813292,-0.0560045753612829,-3.27115542274461
-0.246422999568497,0.247765306540415,0.883103374605792,-0.0347387309624467,-0.239988026113219,1.42745610480569,-1.13323853086075,0.0172209480542546,-0.455421276645445,0.0337777110798485,0.13766394380707
0.490681866764701,0.395476118713696,1.68361323019302,1.41619605407534,-0.548132173408339,0.638448086334243,0.72161788436938,0.874697849407566,-0.266836431666938,0.595516922338214,6.43990220278205
-0.686274656882925,-0.196274029216017,0.324324593224584,0.324102242703447,0.171117680559214,0.236626098896051,0.996912526588601,-1.12128285918718,-0.351508657433572,0.0186687746082311,-0.0770437089197857
-0.847755069732925,1.39988499313301,0.223879790725285,-0.502305299696932,-0.52868991643884,0.830578582671187,-1.48978813665307,1.1199713093153,0.034484747265245,0.779454414944582,4.35694138928647
-0.320439652998485,-0.691788543509196,0.185330576252437,1.15828422881734,-0.819165081447527,-0.498436168467658,1.09346094918481,1.31149021698958,0.657797249941567,-0.840357414031315,-0.174015999686349
-1.15764130302306,-2.04623149024044,1.00417464095392,-0.462418272830921,0.525263536049698,-0.322952546151029,0.259067668805552,0.0172209480542546,-0.0618946389533626,-0.445901696867517,-3.89164305907394
0.719427413425718,0.740936185516393,0.644376327366448,3.9472011470477,-0.235673131041502,1.26191503514885,2.12833871612368,0.881963301969562,2.03676695205585,1.3606359227318,9.2287187383071
0.124632984829238,-0.540994907095902,0.0731597961069547,-0.172707839654266,0.509137257086997,0.69997310634008,1.16427410110597,1.13877376328436,-0.369670043461434,0.779454414944582,4.47491841258163
-0.627523524825866,0.639359006916649,0.137013304616518,0.00528493607421536,-0.0389213449196696,2.02374829807408,1.47634977673163,0.0269719157516668,1.1488911465158,0.79835624389543,-1.08490235133176
0.0515543599915535,0.808259684802494,1.10836120534098,0.265738828641605,-0.138898081638607,0.60857465530597,0.957459866042211,0.358623097681927,-0.455421276645445,-0.205994312465047,-2.03647865503421
1.24336907819793,0.0246472881909567,1.42950060037039,-0.0599673215125539,0.50456976061002,-1.08850590518039,1.15329658898812,0.164338630069121,-0.0202537643959207,-0.181728884291196,-0.398078410750291
0.63735613164466,0.307462354766578,0.39401990450178,1.16058980022967,-1.03177226210773,0.478000114013895,0.846137461003463,-0.568779862005913,0.321086062537633,0.0957473181160106,2.83596911935219
2.08808254341844,-0.488264198478756,1.45071694995923,0.433997216716802,-0.200616214500234,0.473206642462534,1.73227863347346,-0.300211767773952,-1.54740621605289,-1.58550584475052,0.579982133113215
0.398969951074246,0.827363307141002,1.58973623357654,1.43812087686033,-1.12871326788081,0.257805668443087,0.0370888922678466,1.03714528311529,-0.178506474926727,0.923516476453315,6.43990220278205
1.72657704876341,1.2052201170667,0.827321506028856,0.632472250305938,-0.746243638417337,-0.032738648695676,0.567681045871139,-0.212347865348562,0.942916282521839,-0.75970154202744,3.27450973950057
-0.0546794238626432,-0.042974131764614,-0.2679040782599,-0.270210691176247,-0.0919888235219432,1.25752264521274,0.426308656399346,0.812487272898065,0.910093170245224,1.78266337936788,3.92616872845788
-0.077631463914097,-0.461086592846011,-0.883480414232518,-0.102329332841216,-1.28689633219059,-1.47355874015642,-0.825072417320803,0.104114545693753,0.685099235609397,-1.17917562862162,-1.29112221317712
0.420563738802533,0.337713746918687,-0.968697944787249,1.37959154114476,0.339231664228909,-0.0180898089263219,0.557500225144216,0.18248952032299,0.649430841138654,-0.613794897951737,3.0439396343703
-0.589251862783554,0.0644728911247086,0.144907183710384,-0.640288220456388,0.455937301908266,0.0120780977754105,-0.743072088352578,-0.797278196364214,-0.842549105995507,-0.919228415461055,-1.01089448129928
-2.11211698291315,-1.15580702517685,-1.76143216539147,-1.18044699874672,-0.524714131238154,0.609135294739144,0.199449561575502,-1.41402480399261,-3.34351965067067,-0.0954046124878902,-9.13529205202929
0.690964062233841,2.07719883336399,1.58679178458531,0.757127516987067,1.00927420661852,1.13428451363614,0.303930659663708,0.383462019695018,0.57866079439835,0.790976589759952,7.05766593037122
0.584755958572992,0.996714504117418,-0.445661338779293,1.96091745096211,-0.71256552894896,0.257805668443087,-0.130303804556058,0.151139152686059,-0.209801247223542,0.0937919183386319,1.10689483120698
-1.17139110905974,-1.10640909471192,-1.60668372317323,-1.36014423974057,-0.856122723647183,0.626747543909301,-1.31042226594755,-0.305172853341502,-0.648415543355834,-1.39522373859548,-6.64985385284178
-0.594426219254495,1.04156323619466,0.46444813669341,3.385370157753,0.276882349774972,-0.996760518534079,1.88828034957625,0.510504321916809,2.12564151322388,0.813209682149499,9.23812462405159
1.48368441749533,0.741979079887113,-0.289755964831285,1.96091745096211,-0.719602409658677,0.520441557811324,-0.130303804556058,1.59166163563901,0.660216164599731,0.507786100439142,6.43990220278205
-1.01317489680862,0.711818412450346,-0.424720858642606,-0.857908984614837,-1.08543341980062,0.130425336255264,-0.552503572794955,-0.356435113309891,-0.655089379264021,-0.912702496068135,-6.96871890806496
0.824112879886736,-0.895167047310734,1.19053535734261,-0.0357577147260693,1.53627725522475,-0.166605658281136,-0.0515018610339828,1.77017434738579,-1.55135360572795,-0.494611640617197,6.65537572066791
0.563706915942356,1.19216341391058,1.57468949495067,-0.144016733709405,0.792245626887829,0.325155878073705,0.511554989009079,1.85772196775291,2.70317715169976,1.69957629912392,15.0367525501607
0.164616461732256,0.826324432879574,1.07953493824224,1.18053596795635,1.37799679600181,1.35575245596596,0.303930659663708,0.793916323134544,0.8354902494138,0.595516922338214,10.195441679822
0.412384047353218,1.51995216037977,0.479949182559293,0.418092327879727,0.385283179294811,1.13428451363614,0.754635423704016,1.55269278840602,3.23993422733006,1.82345190555411,12.2477115881577
0.929061770683383,0.894827957032842,0.612413900028674,2.53593540093145,-0.71256552894896,1.3025818259234,2.8230798876742,0.510504321916809,1.74278358339218,1.22837831818899,9.2287187383071
-0.935632113882755,0.40351212926177,-1.60669959354705,-1.58365437665916,-0.629048999860454,-0.928469302620428,-1.46350332057242,-1.42627917455253,0.992115972809708,-1.34444238301488,-4.45539606688887
0.648811131303006,-0.304298220028021,1.16404182892075,-0.0599673215125539,1.06541375071841,-0.306025759721332,-0.644069461743151,-0.164353426172866,0.697260267152934,0.42391118927702,5.92665418279684
0.348577842595441,-1.34114951103094,-0.454036073437848,0.282929909117786,-0.588996421521342,0.15756361281247,-0.257035459228808,-0.717727151863493,0.14607604333525,-1.06391238050833,-3.47208790367922
-0.938944126065361,-0.826729690765705,0.255593058242581,-0.887699301053914,-0.467969734868271,0.400646703174231,-0.456825941423451,1.75991052511651,-0.494756574678047,-1.30179644231067,-8.36901842728354
0.432141365929597,0.845914140546716,-1.24419196145316,-0.658630583369759,-0.331238464792136,0.044512265094034,-0.118012169905315,-0.492253287035925,0.402058605544476,-0.0574070377735661,-0.778254769336309
-0.121269662337516,1.6883437979586,-0.0592161561965816,1.10882379703195,0.677599726883633,0.683603956067842,-0.432352011300472,0.407314218280055,0.692562802847374,-1.03886824386158,5.32377755964512
1.17031410026977,1.2568235702901,1.20022550434661,0.632472250305938,-2.36492517573781,-0.351254771772485,1.07455180580017,-0.215332835193411,0.826673611008251,-0.652896950150609,4.15291305567775
-0.507696297220236,0.224928883982465,-0.725510243800295,-1.34702284084765,0.639706973760576,-0.21629967833898,-1.31500794947795,-0.302735651878155,0.257935101538228,-0.473668128154588,0.256145381500764
-0.730582190824336,-0.508356603095821,-1.13354680780141,-0.740860810867115,-1.05964326704846,-1.03472434507201,0.504973023743247,-1.89912960376858,-0.641674917724725,-1.50146201937648,-4.10861520352847
0.339924686111891,0.246991210932153,-0.0877933847127785,1.59287938791742,0.541189173913183,0.757265787437365,0.124148671547094,0.425486079737924,-0.307592561992257,1.12267004247669,5.15659168486741
-0.531046968436343,-1.11851688888092,-2.33047805810574,0.258109981029129,-0.706082327529739,-0.00763373349182645,-0.78432730378725,-0.980192717882958,0.624616254472977,0.464786439494974,-3.47208790367922
1.56782353918699,0.295558747239023,1.26642867516654,1.09045658210774,0.16396461531774,-0.152480048769539,-0.209118033708444,-0.514203463330511,-0.0280430559982731,-0.406947070398959,3.73017975883189
0.432141365929597,0.068352584097926,-1.05816885378792,0.377874239862882,-0.179183222371151,1.07289261816057,-0.205089168973649,0.257795832187904,-0.749652347755257,0.647322091072462,0.13766394380707
-0.200349295216925,0.951572666419835,1.44656533020185,1.04333441465878,1.29498909529865,0.134137314173721,-0.133198250627002,-0.816566943359288,-0.108529473042401,-0.273132461870462,-2.23080738017404
0.432141365929597,0.162240469053071,-0.708110158912782,-0.298750413233328,-0.179183222371151,-0.570308937778134,-0.825072417320803,-1.11858195554973,-0.368901778149956,0.967260243267666,-2.40035228772403
0.067601238093713,0.808259684802494,1.00261047003158,1.57482573221479,1.60532978017014,1.35575245596596,0.638546473877145,0.793916323134544,0.356913946290123,0.0144403972806963,10.195441679822
0.199736597053662,-0.309072829785122,0.661051987921846,0.45142073223058,-0.439213278257239,-0.456432409200665,0.846137461003463,-0.300211767773952,-0.281867764834488,0.188314855877898,2.36107263493377
-0.730582190824336,-0.508356603095821,0.036117250450476,0.138993264461863,-1.10189102801968,-1.1776195974269,-0.893056534738021,-1.61567060554651,-1.75003271884159,-1.89233130246642,-7.96110818331285
0.719427413425718,0.0516031003582914,0.897283213949417,0.436844198093682,0.144267566106666,-1.08850590518039,1.15329658898812,-0.300211767773952,-1.12509005405476,-1.51052670743691,4.68835142009481
0.675595169311833,-1.3477890039629,-1.64149834516321,0.341138162823776,-1.04020258945297,0.15756361281247,-1.33787164349043,-1.41880429727979,1.2468979071169,-0.641038982613479,-3.47208790367922
-1.19710953248907,-0.446844147762267,0.13234938634579,0.166835535172402,-1.27845400171074,0.764343055325003,-0.78432730378725,0.359508713126602,-0.869550953112605,0.718609520654141,-3.64166392857345
0.568919872885586,1.19216341391058,1.58679178458531,0.418092327879727,0.792245626887829,0.488234089381415,-0.510619372044209,-0.545950270066077,0.282709278453044,1.36911245450593,8.94865505893134
0.888753209137448,-0.128901488086321,-0.552654036584867,0.358785126963151,0.123255516457181,0.374168269953386,0.350236925439325,0.112496214086056,-0.0225867902154157,0.792679637446199,2.87887761807925
1.00556095835054,0.334056168120907,-0.177073650541132,-0.0106339712439141,-0.640259504218051,-1.02653713112741,0.672586213396355,0.0372320543082349,-0.444044507094293,0.782591824213061,1.57739470767324
-0.853783759868396,1.50147443895918,0.46444813669341,1.10669740537797,-0.52868991643884,0.830578582671187,-0.321377192954743,0.00279536823956305,0.329750024631208,-0.205994312465047,3.73781533562916
0.587349022886678,0.0615155636203872,1.07532484862093,0.715537321997514,0.525263536049698,0.878106184985836,0.527695952350689,1.43572284521438,3.23993422733006,1.45768387502417,7.81123216189992
1.72657704876341,1.2052201170667,1.78468312567617,-0.73343471840936,0.149489225773667,-0.156498173169749,0.087386149991729,-0.124185340600765,-0.470408356571314,-0.683914847727101,6.99797338877835
0.776401065545674,-0.106648651384717,-0.56700985671608,-0.753679549700322,-1.1635081808173,0.79427700569699,-0.800044823632449,-0.0679982252757476,0.451254186814972,-0.869515376228245,-0.222189238958079
-0.871346066521335,-0.715097198552933,-0.248927047104037,0.0221876601165192,0.041179041269281,-1.1776195974269,-0.392374809182446,-0.82486626958844,-1.93517736188759,-1.89233130246642,-10.6170824769633
0.531554052393812,0.428957651304627,0.18072339838407,-0.26687145530828,0.144267566106666,1.75201424389258,0.361601821143359,0.745638224985094,0.858539236678288,1.33749352855737,7.49209304289066
-0.382111632251997,-0.0211856842383484,0.131621268850379,0.122494204397119,-0.608695279129387,-0.0771654999672398,0.494928134146518,-0.342880416840879,-0.699320621391985,-0.181728884291196,2.27794861337596
-0.0404464714340842,0.280751243815786,2.09904843231328,0.65610344146759,-0.119682256384588,1.55832729871781,1.20702550293326,0.947579373259745,-1.3149596588441,1.45768387502417,7.43248594733826
-1.48435929358365,0.30756365613045,-0.0198251452886471,-0.24170512820507,0.365913777627468,0.236626098896051,0.259067668805552,-1.939960893861,1.71858874697073,0.722561747979639,-1.23217813346593
-0.0791256672591794,0.49574788613476,0.0939145980642875,0.464045661143713,-0.357535516039818,0.795286937730241,0.046660072263542,-0.717218910135914,1.02608955867028,0.0943637564449941,-1.92522734325773
-0.0911979387942868,-0.0405042304401982,-1.54433623481857,0.5677002276118,-1.49802721520123,-1.69784722017605,-1.17059007790923,0.104114545693753,0.472117856840151,-1.17917562862162,-1.29112221317712
1.56782353918699,0.295558747239023,0.878854947560989,1.61386367389095,0.541189173913183,1.37082601301937,1.1777158981487,-0.845942936865933,0.367346016717452,-0.110523497992915,7.76173120916489
0.959904847071526,0.942663215675751,2.45652148716034,1.48336419257753,-1.3720540438561,2.21587812669143,-0.0645520234157453,-0.818144913856546,0.367346016717452,-0.652896950150609,1.10689483120698
-3.27771060755097,-0.22138354900536,-2.02775600829585,-1.18261627869394,-0.690587731029754,-1.15814781549184,-1.46350332057242,-1.42627917455253,-2.15688648638708,-2.63151337993133,-16.3437829024717
-1.04333339769614,0.651673040380449,0.895647083048219,0.153390010378409,-0.239988026113219,-0.426168655273269,1.16726667964427,0.163893675431472,-0.455421276645445,1.09907300376418,-0.936852301847317
0.317806169380436,1.49613088094453,-1.41410328057349,2.54758947101199,1.24243229681209,0.629211886975234,0.910165060384117,0.748391234536055,-0.0871993384662944,-0.187982163689549,5.62361424619558
0.239378836558902,-0.822877191615107,1.20466134934231,-0.0788395428187778,0.870939751624754,1.87381869075223,1.59321198072661,1.6897881419568,0.10133412806499,-0.494611640617197,3.1589594081986
-0.329051043720582,-1.15777330676019,0.0315710015472635,0.0837551262586163,-1.10189102801968,0.192636576630068,0.160701625406991,0.620360995371916,1.02608955867028,1.03090229400129,0.99264130074248
0.582928732682298,0.996714504117418,-1.80489069838243,-1.87616987415776,-0.544613273998101,-0.210326473642097,-0.950060100036089,-0.947349360964613,0.402058605544476,0.51258733003231,-2.89674083277973
0.232727440116688,1.36012226886383,-0.370305214969645,1.9674842190383,-0.235673131041502,-0.578612611110521,-0.51904926147688,1.39102532032779,0.381912186689241,-1.23354739368527,5.84536184238758
-0.382111632251997,-1.39205115165671,-0.999154016147394,-2.24542336831294,-0.268650841966435,-1.40602049312728,-1.71673310535351,-0.10904175064769,0.604040106238216,-0.929717351740129,-8.42599813093106
1.22221978832846,-0.303661328608407,1.16404182892075,0.715537321997514,0.556997674772159,-0.522686291070352,0.188521044178157,0.51540454777096,0.711400529014796,1.44507916936196,6.98285712256278
-1.34613873044924,-0.657943970681362,-0.391712610448895,-1.35692969674387,-0.388154861337304,0.349622805005023,1.32055514151505,-0.988375876391596,-1.39334782012961,-0.919228415461055,-6.63691136085076
0.167602483256563,1.56215692970262,-0.229659638985487,1.10882379703195,-0.0179528006894498,2.02374829807408,0.984732001684125,1.44273583888322,0.61851317371336,0.507786100439142,4.21299389510193
-0.559705272681746,-2.11557528410645,-0.765180502872986,-0.41627987486034,-0.702683731163051,-0.409056782729344,0.0838628913071429,-3.09803157216235,-0.160739927523028,-0.439989609633598,-3.47208790367922
0.239378836558902,1.26256292487744,0.940126748579095,-0.393250090499731,0.525263536049698,1.33076146697557,1.19570237300936,-1.71842192233402,0.968754280188347,1.74785948989776,12.1637964662287
0.435922023569717,0.210841214985475,0.650136958807758,-0.699417657880821,-0.618903709353569,-0.903915038839882,-0.297502125663676,-0.634294948541966,-0.599845795832737,0.467257679006927,-1.30911830455971
0.357528358441762,-1.34114951103094,-0.454036073437848,0.399886795553631,-1.0183566782097,0.15756361281247,-0.520798922871668,-0.544061458111358,1.59337818269899,-0.337871512007991,-2.83534450147957
-0.559705272681746,-0.519558006798371,-1.61198643687332,-0.00851148304353292,-0.703193241049827,0.843094283258469,-0.818918490800279,-1.90263728007062,0.955390322639137,-0.75378666261852,-0.797939391629498
-0.845819523188578,0.813248719130862,-0.213732109194732,-1.98844992528235,-0.849709005824453,-0.226129714928796,-0.746343572226796,-0.858312659797154,0.257935101538228,-0.220160290544902,-2.89674083277973
0.249938616062932,-0.822877191615107,1.20466134934231,-0.153244621656674,1.31774850047201,1.95053830210859,0.137518907924632,0.764832439854764,1.44458203553087,-0.133111969827389,10.1146661692615
0.625291744641842,1.32643384152861,1.58679178458531,0.758005200296661,0.817913838394313,0.533347828590096,-0.893331231008313,0.991694212706748,3.23993422733006,0.730864740749703,6.51942352081999
0.304922511490088,0.445087403600171,0.549828240603718,0.414711790052776,0.270132259344578,-0.336899583584046,0.357481087202662,-1.1407788892931,0.13534668561982,0.372511603609115,2.55307055732675
0.822165454060786,1.00522210848795,1.15642884616742,1.53676697301478,0.945907446530906,-0.688305352387598,-0.336065214414265,0.936232103762738,1.34175844559625,0.266254222233278,9.02201991336797
-0.34348910979198,0.229946937224541,-0.725510243800295,-1.34702284084765,0.473549054484111,-0.976488176706827,-1.71673310535351,-1.16421224702549,0.257935101538228,-1.2522623563573,1.24445368918679
-1.41054357848613,-0.665105363291415,-2.10605550949622,-0.644162999656134,-1.74002480973708,-1.31673946400536,-1.80553871315053,-1.7715120529768,-2.19645716634901,-0.926603639577485,-11.8401403869503
0.179317757291135,1.26174908808644,0.103716266946789,-0.804919034589809,-0.118705978520382,0.60857465530597,-0.39320220448991,-0.420927996577009,-0.10539229208977,0.948596061322705,4.75414298955368
-0.469287556333893,-0.165226073973104,-0.75225854743634,-0.332345525794711,-2.05414782796855,-1.21570059948568,0.889501285568427,-1.89912960376858,0.0591161264936031,0.0103420491088498,-2.28530706317135
-0.42252646983943,-0.121009343668842,-1.87111606568583,-2.24542336831294,-0.521779887219849,-1.3349010076485,-1.48919980625048,-0.430568668088662,-1.84752700360819,-1.04964930159756,-10.3230224482745
0.387252962665669,0.152130831799158,-1.05816885378792,-0.0595389693164588,-0.179183222371151,0.68827270208448,-0.205089168973649,0.461673365581383,-0.749652347755257,0.04466510708189,0.13766394380707
0.29738611167111,-0.249267042746525,-0.414051083064282,0.282929909117786,-0.306549012209281,2.29450944515492,-0.00818514578561796,-0.917851135499591,-0.0322827424459299,0.146922172750563,-0.222189238958079
-1.11578000541923,-0.853645344554411,-2.78672686064882,0.00802446980442476,-1.10410442499368,-0.78722580368764,-1.65353637734422,0.0658715453153263,1.19665365736681,1.13563489712201,-3.04388659582752
1.56782353918699,-0.642828374176175,-0.945593682372884,1.18189531625898,0.0441218376839068,0.076023341087913,0.326722281621214,0.18248952032299,-0.250625097525435,0.435734951743609,4.17010944453557
-1.90353981992178,-0.958349865259839,0.964342832475151,0.504258683780714,0.427192737518665,-0.405908307415617,1.20609859469309,-1.58144290846719,0.0110269233153423,0.807388738928073,4.35861613751209
-0.516354312393872,0.224928883982465,-0.128487601530215,0.0266271497961529,-0.977691932347974,-1.53437958326243,1.21490406448688,-0.931176627121858,-0.573791438494312,1.74817973226528,-4.76002938416936
0.603362468190534,-0.633163859811588,0.947360712695945,0.75745802392585,1.20135162200548,1.95053830210859,0.761204212289158,1.43572284521438,3.23993422733006,1.52709777387929,7.81123216189992
0.365867265990135,1.2839947266227,-0.370305214969645,0.499541873894556,-0.543626613924872,1.21459579112686,1.80565074249675,0.583028174775051,0.816818408258944,1.28066838060864,4.35694138928647
-2.11211698291315,-1.49093432999016,-0.611286746711804,1.24700072609789,-0.118901257927964,-0.600992715886904,1.20609859469309,1.03433307190263,0.0110269233153423,-0.31463964251592,-2.95682412033887
-0.0546794238626432,-0.461086592846011,-0.385426240355179,0.399886795553631,-1.33503070702159,1.55873085478538,-0.92366735983315,0.0833248836857463,0.282321269814359,-0.226534432213501,-0.222189238958079
-0.0102863495508865,-2.22144172794142,-0.887713154333162,0.0578487243774533,-0.193579353604896,-0.90371064491013,0.127457311785645,-1.44720733488041,0.235975630571174,-1.33591108919206,-3.86393991127496
-0.0329763611934163,1.20280484379106,1.14747230414773,0.543699729606182,1.31774850047201,1.07813557516997,0.303930659663708,-2.14593934580352,0.8354902494138,0.432732331707207,10.2223275258037
-0.111925368427177,1.6883437979586,-0.0592161561965816,1.35763097465638,2.12466260608852,1.24474989236885,-0.432352011300472,1.43870545725634,-1.61179088830793,0.247169201297847,5.62361424619558
0.0558601965934612,0.808259684802494,1.10836120534098,0.543699729606182,0.295972231089795,-0.672364886095927,0.923162504782635,-2.14593934580352,-0.108529473042401,0.171675168302619,7.53676492226927
-0.72035188831454,-1.79698757096094,0.563046644522763,-2.1167902754078,-0.839802575099602,-1.63389324149437,1.21936945974386,-0.634294948541966,-1.38480728136346,-2.43586969570948,-9.36772835466094
0.639008229567365,-0.0310293563057205,1.07532484862093,-0.814801692777401,-1.15615253444461,-0.932241820862945,0.366325222507849,0.164338630069121,0.961649265139698,-1.14828310038186,0.333279857075557
0.164616461732256,0.826324432879574,-0.0425873526792321,-0.241905814753844,0.270132259344578,1.0246350061648,0.666245229700255,1.13877376328436,2.10831575885715,0.819875506791724,7.25546679903713
0.708477122994425,-0.629469279894844,0.824278823842412,0.436844198093682,-0.309518967902654,-0.0709772552825545,0.0301921374939983,-0.0339514800207375,-0.442553826686967,0.667402037512738,-0.377473739646412
0.990244561682337,-1.66038011512859,0.415673759559157,-0.763353048090906,0.392582475974666,-0.0784505715994852,-0.975478338437839,0.221144836974441,-0.963383942106904,-1.13858665371315,-3.40230204316672
1.22221978832846,0.282633787895893,-0.177073650541132,0.530590961289229,0.378177343854167,-0.114584140247912,1.92128866623017,-1.52241238275291,0.903089906492166,0.764965550669462,4.17010944453557
0.859359645989496,0.991432893884553,0.612413900028674,1.47086180057069,0.686981801188497,0.134137314173721,-0.510619372044209,0.810127950034879,1.63626622729268,0.175217323340416,6.31607760706853
0.260611739320724,1.26256292487744,0.940126748579095,-1.27008355547084,-0.522676100991433,1.70778124852215,1.03347600130291,-0.124760685452026,-0.491413587707613,-0.15045769538022,2.27794861337596
-0.0850679677181692,-0.0566560878087468,-1.54433623481857,0.494926807175601,-0.480456979281597,0.541236889279897,-1.12337356303402,0.517557658658528,0.547360092392164,-1.51679362977356,1.05664069658905
0.84991086662773,-2.03045404464793,-0.454036073437848,-0.763353048090906,-0.474379719968344,-0.90371064491013,0.0767740881958754,0.322008314815201,-0.963383942106904,-1.94750325999018,-4.24778259131604
0.690964062233841,-0.629469279894844,1.05305915422571,-0.15321838850962,1.53627725522475,1.95053830210859,0.421287382501921,0.422215243416823,1.39856904239203,0.229417984560442,10.1146661692615
0.873824532298599,-0.128901488086321,-0.552654036584867,-0.483265702500319,-0.600279122368002,-0.38522437135161,1.85926064405783,0.653823121957262,-0.12120298755029,-1.77219444126034,-1.35089913460222
-0.762562479628813,-2.17298813185325,-2.71890807431991,-0.527651196385243,-1.65011865417596,-1.71338261556167,-1.98262253904411,-1.5963191295933,-2.19645716634901,-0.291922910691737,-11.8401403869503
0.0835099700944892,-0.400989607151352,-0.211516912185289,-0.270210691176247,1.3902404939739,0.416424730974483,1.11906916051399,0.355141273578243,1.22752289853917,-0.476933237557671,4.03970020568417
0.87499928569524,0.894827957032842,0.612413900028674,2.53593540093145,-0.264099779566683,1.3025818259234,2.03783164122646,-0.402075744701838,1.74278358339218,0.802229834544785,9.2287187383071
0.581364445948678,0.264876763974977,-0.384687106887852,0.77780368572838,0.925648730582738,1.2012692166314,0.331497981041949,0.748391234536055,2.24737369655777,0.191783127695762,5.32377755964512
-0.285407283667889,0.657904047588924,0.0939145980642875,-0.728541909439499,-0.702744670334636,-0.798089039906451,1.21936945974386,0.793411346927305,-1.43260495935964,0.528772723987942,1.31305899367437
1.56782353918699,-0.891530443811384,0.391225455817835,-0.0312953157737874,0.275927433917235,0.951158171218779,1.49034655235724,1.13877376328436,-0.0225867902154157,1.4084635499305,7.3909493343676
0.317806169380436,1.74381979297973,-0.0654746577759561,1.35763097465638,2.12466260608852,1.24474989236885,0.331497981041949,0.748391234536055,-0.0722157764395105,-1.22424122980909,4.53777282993231
-0.0413397740777812,-0.495162650680499,0.186784416747481,0.621992868523852,1.05711028319756,-0.395884243516309,1.42018619432543,0.0827754357749853,1.1488911465158,0.42391118927702,3.72658013322672
-1.06505995998172,-1.69257521282343,-1.60668372317323,-0.0230284000039635,-0.0338660475572231,-1.82034684807583,0.536661711524322,1.66623378694862,-0.920497320505882,0.386749970549418,-0.246295495532156
-1.06505995998172,-1.36076000296103,-2.78672686064882,-0.0230284000039635,-0.0338660475572231,-0.600992715886904,-0.336501568347509,1.06790217095033,1.71858874697073,-1.51679362977356,-2.50266734323754
-0.285407283667889,-1.17845800422576,0.437616012796555,-1.51562835425025,0.204373998105369,-0.414436694845699,-0.626747234653068,-0.40618612501201,-0.85401647155825,-0.929717351740129,-8.34055035522486
0.243116192778808,-0.178756458758326,-0.654301073775078,-0.384613562512263,0.227660272364663,0.374168269953386,0.436259591872638,-0.654369254255952,0.858539236678288,0.764320012074409,0.210206822839501
0.674010736804659,-1.65019083610218,-0.454036073437848,-1.49517758510471,-0.325049567466543,0.500444244729404,0.240535763110713,0.0813972902574032,-0.426631060020804,-0.436324807592449,0.579982133113215
-0.219596744609302,-3.02550462127362,-0.52555757286625,-0.678216045363394,-0.808348967246167,-0.570464159983949,-1.41544570418385,-3.09803157216235,0.615049564642412,-0.680323308503242,-6.36572003136157
0.0536253212061674,-0.901567851612457,-1.74319630353378,-0.153452937086375,-0.703193241049827,-1.7763969213421,-0.272843595802292,-1.10150268353609,1.39745404790959,-1.17917562862162,-1.29112221317712
-0.76789012579967,-0.28275866484396,0.116298529444073,-1.0577116252848,-1.04764662925035,-0.571154641983394,0.368904995436846,0.840703392825052,-1.03396775053649,0.0976093731387942,-4.94341655851801
0.316234691195046,0.246991210932153,2.09904843231328,0.117548200513824,-0.119682256384588,-0.415770996314675,1.20702550293326,-0.749499433125794,0.10133412806499,0.663113307108357,6.72436783978756
1.1181306809851,0.977678157405858,0.211326373616209,-0.443647278666325,0.538973658498862,0.416424730974483,0.511554989009079,0.297805905771445,-0.00949126507448906,0.79330086931784,0.0830096401771907
0.519843826559128,-0.491436485734034,-1.20632310732399,-0.298750413233328,-0.969944139332117,-0.335889701857324,-0.118012169905315,-0.152808954170085,-0.449787985486933,-0.219774445447052,-1.08164857121863
-0.122784580728878,1.33822723527286,-1.78897797694944,-1.39512619233662,-0.58562615222658,0.318750835934206,0.646311680383543,-0.535473936352281,0.402058605544476,-0.225759956962093,4.20332042169818
-0.227596383939583,-0.861210919870895,-1.18150453556199,0.00405155749643435,-0.0463168385053371,-1.2544845277967,-0.935269626882829,0.530551128348747,-0.578423593343899,1.30128484434597,2.94844097937261
-1.50815444427095,-0.125048623925158,0.106644657217355,0.78651411439843,-1.24661324710387,0.456266949648323,0.176158163834977,-0.520238570520525,-0.229027333750294,0.155554925741783,-2.78230309946454
-0.175509150966392,-2.05113274499854,-0.309855957983549,-0.104263763204855,0.0284885768468258,-0.737490661862707,0.847654873528094,-2.10511900919588,-0.716210182108497,0.587807593978833,-2.94441974142692
0.971263038577969,-0.122356460118098,-0.353333713167688,0.240613483411783,0.123255516457181,-0.593000462272115,1.35380985708455,-0.0438335588519445,-0.0225867902154157,0.587807593978833,2.87887761807925
0.316234691195046,1.74381979297973,-1.41410328057349,1.10882379703195,-0.331238464792136,-1.31221572905811,-0.00625568187039244,0.309301458763017,0.222473946025223,-0.452922511493858,5.84536184238758
1.25961516671571,0.314504107266004,-0.509470546102009,1.28133388914084,1.35092888321953,0.588713523310995,-0.835849409168776,0.748391234536055,0.114866074420133,0.418190374621288,7.10622649006533
0.412384047353218,0.877917111841547,-1.24419196145316,-0.658630583369759,-0.670967323589633,-1.02653713112741,-0.118012169905315,-0.50348013451678,0.825122290348852,-1.37294943966805,-0.648165669472266
1.14050381062736,-0.160644691651668,-0.353333713167688,0.618338698635842,-0.337034095817186,-0.555138018581751,0.254931365771691,-0.0940400731697595,-0.442553826686967,-0.210930935010932,-1.08164857121863
0.812596610902911,1.27960814361919,2.78817730160785,1.47320527950138,-1.3720540438561,1.55832729871781,0.17758593509069,-0.818144913856546,0.367346016717452,-0.652896950150609,6.83388420810666
-0.704528623271189,-0.778331239043827,1.49745514859623,-0.126579887902527,0.664783102374724,1.95053830210859,0.27321173924645,1.6897881419568,0.10133412806499,1.69957629912392,7.96200005987962
0.435818760734073,0.068352584097926,-0.528900531198379,-0.675207119256176,-1.14027602642721,-0.135682272038911,-0.955053213604727,0.904594554022761,0.343107860853863,-0.144509662506859,-1.00850999945641
0.190317940992871,-0.0753364712356289,0.758904733335006,-0.115650432864471,-0.32639466432307,-1.53437958326243,0.385307991166578,0.676075877161339,0.685099235609397,-1.35070496318456,-3.6900876697166
-1.50993044386835,-0.125048623925158,-0.736308740459483,-0.332345525794711,-2.02603728050476,-2.15718522298702,-2.69824880729984,-0.992327955618864,0.436439567519955,-1.17917562862162,-5.1177190083079
0.447367812467549,0.162240469053071,0.849136652070365,0.45142073223058,0.901159744681946,1.26815791356055,0.826723323074058,1.10425929579123,0.738433769304591,1.87861045376702,9.05164694318012
0.275931326016481,0.0542378676813267,-0.528900531198379,0.234257464113233,0.864925989776339,-0.593000462272115,0.466111799914822,-0.213687352015911,-0.699320621391985,-0.0918813310309319,2.31017144827749
-1.16313754500599,0.308507810347879,1.30651175772901,0.162960402352264,0.0770967288999322,1.93583600948561,1.43643233556115,0.422215243416823,-0.0225184638484712,-0.0645956614546166,1.36743373840128
-0.227596383939583,-3.02550462127362,-0.52555757286625,-0.639872244700285,-1.24216349870738,-0.576933245559218,-1.41544570418385,-0.400353622775291,-0.160739927523028,-0.869515376228245,-4.92044786341495
0.584755958572992,0.996714504117418,-0.445661338779293,1.70194304623793,-0.736862108579675,0.168346921272181,0.0370888922678466,1.77282964851677,-0.266836431666938,-1.23354739368527,3.73781533562916
-0.163387766945994,0.202080166418109,-0.821450114690098,2.57548757856317,-0.71256552894896,-1.5984153529075,-0.00625568187039244,-1.04648180974801,0.959780006505858,1.74817973226528,3.02920338181383
0.0243493742075561,-0.193154054235576,0.108929118829808,-1.31210678171244,-0.815360477092183,-0.727539830680073,-0.145541150120961,-1.70850427957011,0.283955760648591,-0.680323308503242,-12.2980421820103
-1.18727163187657,0.308507810347879,0.286750443137041,1.16078229313529,-0.692283466096195,0.478000114013895,0.176158163834977,-0.14956637032883,1.71858874697073,-0.501987648188295,5.84536184238758
0.420563738802533,0.337713746918687,-0.968697944787249,0.377874239862882,0.864925989776339,0.0768766703429306,-0.0527517227649188,-0.492253287035925,-0.214618932940223,-0.0574070377735661,0.629761529020432
-0.257143975738084,1.49182456186758,-1.54165370853205,1.96510138347007,1.24243229681209,-0.0972733673351614,-0.66654807231851,1.67415844727041,-0.351448473459721,0.0887566526018418,7.01108733475971
0.16626708107162,0.826324432879574,-0.0425873526792321,0.786617370970037,0.925648730582738,0.757265787437365,-0.378166171097179,0.748391234536055,-0.307592561992257,0.246225798707029,4.21299389510193
0.304922511490088,-0.529135447419984,-0.78733083943744,-0.0595389693164588,-1.06652818861912,-0.753240572700194,-0.296808902749537,-0.493999481490405,0.053957334465683,-0.171679219928093,-0.174015999686349
-1.42408957596882,-0.268004081449085,0.228558869834964,-0.822642211301725,0.78371421823967,-0.0417890368057257,-1.03000305147676,-0.809662883574201,0.534415419526325,-0.919228415461055,1.24445368918679
0.735036394789421,-1.70924940606817,0.415673759559157,-0.763353048090906,-0.474379719968344,-1.82034684807583,-0.313582445780607,1.27484044253458,-0.963383942106904,0.245194406644285,7.43248594733826
1.59238577645077,-0.891530443811384,0.577472648067847,0.160070456662689,0.275927433917235,-0.414436694845699,0.921353241353495,0.636456149999052,-0.0225867902154157,1.82345190555411,0.108609526072048
2.06020122045982,-0.24802597902003,0.596327515882839,-0.537722957609318,-1.1635081808173,0.79427700569699,-0.00275832660595525,-1.95105885025294,-0.305976345742249,-1.1463558889529,-4.69350713570226
0.462702532032093,0.890204677709739,1.8448976681447,-0.0733564183944527,0.429780369718641,-0.00238621279987148,-0.713163919507737,0.293095097762799,-0.214618932940223,0.663113307108357,3.1589594081986
-0.847755069732925,0.187087724133978,-0.598056203947659,-1.34702284084765,-0.977691932347974,-0.0611009262608256,-1.46350332057242,-0.211381011909861,0.257935101538228,0.102939567509513,-0.434288700628928
0.0678651046927518,1.91404818563276,0.158153302439074,0.112224052608715,0.370086461638152,1.70444258335936,0.173248030041564,0.260073528642393,0.235975630571174,1.60763761479355,7.11706065614894
0.674010736804659,-0.932004272978024,0.947360712695945,0.436844198093682,1.50100425945704,0.397527756921219,-0.0515018610339828,-0.745866364378,-0.1050106414971,-0.827501251695951,9.01179003603203
0.802226862589905,0.504006667150089,2.78817730160785,1.27290164364334,-1.3720540438561,2.21587812669143,1.71816652869481,1.33025080283041,-0.320790803186455,0.923516476453315,11.9340936200287
0.447367812467549,0.210841214985475,0.849136652070365,1.08268501019786,-0.140909134410728,1.31213533944116,0.957459866042211,1.03836213208165,0.0318005260430758,0.923516476453315,5.14511699178861
1.17924998078305,0.0977132031218977,-0.185220940414143,0.505835674463252,1.45064280812372,0.829345470374038,1.49034655235724,0.748391234536055,0.268198646629696,-0.562511307884176,6.20741735933679
0.531554052393812,-0.267501608599168,0.670649761443216,0.569488491519338,0.542219176880642,0.672744982613022,-0.893331231008313,-2.14593934580352,0.282709278453044,1.27035016073293,6.02913589895521
0.087672427370092,-0.460348583133838,-1.1267704440573,0.494926807175601,1.90969071506652,-0.295968266024297,-0.827917231053118,0.79565679274501,1.19665365736681,0.83334786891758,4.09286459497367
-0.956815865196589,-1.14362945744425,-0.0664595606001867,-1.43581383418566,-0.084005270019379,-1.31690406883184,-1.76293249963211,0.880878382521559,-1.92422319578955,-1.19270145246419,-7.96110818331285
-0.594426219254495,1.04156323619466,0.345042941276507,-0.336683947012905,0.0434097578822859,1.29878190560266,0.916300801998062,-0.14956637032883,0.034484747265245,0.269045873339004,7.01108733475971
-0.72035188831454,-1.79698757096094,1.04060270827473,-0.462418272830921,-0.138898081638607,-1.75908186370431,0.0120096586717441,0.510243455888285,-1.38480728136346,0.783267905022967,-12.9525371977381
-0.590805452210139,1.04156323619466,0.345042941276507,-1.77226159170542,-0.376055791351237,0.830578582671187,1.74429669527368,-0.14956637032883,0.514783365196334,1.09907300376418,2.05635576849883
-0.666408224983879,-0.929756742671423,-0.401796431402365,-0.0371893595731072,0.812449711005258,-1.29647512907234,-0.935269626882829,0.0827754357749853,-0.578423593343899,-0.361025701110288,-10.6170824769633
0.607498403451113,-0.176368800793951,0.0597238381226685,-1.29103904591536,0.298721164042443,0.672142134392484,0.825776462394991,-1.53526097875478,0.295422715971475,0.63779998722848,0.0830096401771907
0.48728763579546,-0.475624818065387,-1.660639993973,0.217160238486252,-0.18847451437956,1.94798597993364,-0.0943915519197016,-0.0940276925910515,-0.749652347755257,0.365355377630085,-0.377473739646412
-0.589251862783554,1.04156323619466,0.86600484966639,-1.27008355547084,-0.0414663896538839,1.29878190560266,1.12865723050381,0.378806600284231,-0.394385247720989,1.09907300376418,5.06512376659744
0.0835099700944892,-0.488390610461341,0.357916346692332,-1.18985048496542,-0.569210162420495,0.567211097632087,0.0395177622929147,-0.938369535417393,-0.724295593923301,0.118686955884413,-2.8464544399459
1.59238577645077,-0.891530443811384,0.391225455817835,-0.0312953157737874,0.356249972270553,0.951158171218779,1.49034655235724,1.13877376328436,0.114866074420133,0.884015662580522,6.00781608716791
2.02942411680398,-0.165586161905124,0.596327515882839,-0.434491882017241,0.0909904299887166,1.54348212893038,0.27321173924645,0.569739468227383,0.2552739885647,0.868845715196759,4.47491841258163
0.243116192778808,-0.178756458758326,-0.654301073775078,0.492948074873169,0.122335232455926,-1.25873557332977,-0.00625568187039244,-0.352396155648561,1.39745404790959,0.792679637446199,2.87887761807925
0.461238473898108,-1.19590183892753,-0.253171824195051,-0.840289402048256,-0.175965104973381,0.973715783892362,0.202415660528994,0.916280177741168,0.138546289503533,-0.205232133453474,2.71309390765888
0.888753209137448,0.433635444480946,2.64568868405471,1.27290164364334,-1.3720540438561,0.0753689516076548,1.07455180580017,1.33025080283041,0.826673611008251,1.65230579508856,9.2287187383071
0.822165454060786,1.27960814361919,2.78817730160785,2.53593540093145,-1.3720540438561,1.3025818259234,1.19686283220053,1.51832733783843,2.02271628720275,0.0144403972806963,9.2287187383071
-0.12717456101897,1.6883437979586,0.0360154475552377,1.35763097465638,2.12466260608852,0.447589249636106,0.145944277512568,1.70210477762459,0.0690265780150853,0.247169201297847,4.09286459497367
0.829942130763541,0.421695992163246,2.78817730160785,-0.0489087279305732,0.00308004702453138,2.21587812669143,1.81487406887998,1.80278510162673,0.611209640066167,1.69957629912392,7.96200005987962
0.481226483007092,-1.15069806593775,0.961315273401459,0.433997216716802,-0.138898081638607,0.772201489354175,0.957459866042211,0.18568821860818,-0.289883280946311,0.128885967720489,-1.18596360011636
-0.0329763611934163,0.902594957124578,0.415384412555661,0.464045661143713,-0.357535516039818,1.32654857549902,0.127457311785645,0.812487272898065,2.12564151322388,0.840935357567172,2.05635576849883
-0.307420187027156,0.608199169745327,0.93300122332013,0.318188701826368,-0.271177601641275,-0.426168655273269,-1.13323853086075,0.604073442820455,-0.646942538533698,1.54003827488279,-1.30911830455971
-0.655487524828608,-0.328337759811937,0.036117250450476,-1.18665820375058,-0.88531743581643,-0.0611009262608256,0.270081326920018,-0.124671976017588,-0.390694073017732,-0.115248148042538,-3.51518421286301
1.00900426905729,-0.585613057162028,-0.991017319902435,2.37171613206403,-0.924258039427333,1.48957302351683,2.12833871612368,-0.252869306256478,1.1015233672586,0.146922172750563,5.14511699178861
-0.594426219254495,1.04156323619466,0.46444813669341,1.10669740537797,-0.376055791351237,0.830578582671187,1.47634977673163,-0.137388079735772,1.01928960675663,0.308333647449435,10.775848912259
0.719427413425718,0.740936185516393,1.56048328945073,3.9472011470477,0.439462765998665,-0.772046028000798,2.12833871612368,2.70573329028528,1.38928792951031,0.893831239266813,5.92840440901856
-0.559705272681746,-2.11557528410645,-2.71890807431991,0.258109981029129,-0.239765607303094,-1.16675690248788,0.32962799406644,1.66623378694862,-0.578423593343899,0.386749970549418,-9.58629984555538
1.00556095835054,-0.796453486798967,0.07622294090505,-0.343562196073918,0.689645214686627,1.95861631081106,0.638121387952735,1.13877376328436,0.303289369114151,-0.133111969827389,5.5973983393603
-0.827738918604398,1.50147443895918,0.345042941276507,1.9674842190383,0.479884534167319,1.03165116168566,-0.216970142138255,1.75991052511651,-0.307592561992257,0.704298805286114,6.69089693701369
0.275931326016481,0.851385964543087,-0.368228659960118,1.10968895743329,0.526574140383242,0.804965868268182,0.124148671547094,0.773876292413374,-0.459206160955364,-0.719735293963427,5.56738570039616
0.510584726988513,0.47332594469873,0.995394636123657,0.894072526126464,1.38919916789089,1.10820939965949,0.638546473877145,0.5119109046781,1.39237611077691,1.45768387502417,10.2950901841419
0.420563738802533,1.51995216037977,-0.229659638985487,1.17366772784784,-0.0103958652977438,-0.475480187450826,0.764010421354177,0.309301458763017,0.611209640066167,0.948596061322705,9.77604882288681
-0.590805452210139,1.04156323619466,0.86600484966639,-1.27008355547084,0.320748318844221,-0.0334329361422238,-0.626747234653068,-0.00541007963432198,-0.394385247720989,0.0233067856805821,7.01108733475971
0.719427413425718,0.0516031003582914,0.897283213949417,0.75745802392585,0.455514830795443,-0.161866659178589,1.92128866623017,1.15668070877029,0.738433769304591,1.7021964282256,6.99135864182047
0.191732160653399,0.485684128654881,0.490712571337286,-0.71272911016318,-1.72121030116993,-0.229094602818879,-0.00275832660595525,-1.1407788892931,-0.470408356571314,-0.652896950150609,-3.61198724377171
-0.285407283667889,-0.169437830371512,-1.6615020477323,-2.24542336831294,-0.517824784411857,-1.75881771050821,-1.07007965526948,-2.12248836435101,-3.34351965067067,-1.04964930159756,-6.89612138043451
-1.48714504840236,-0.839888513647691,-1.80402272225483,-1.0168912681639,-0.517824784411857,-2.06112573999278,-2.34458345094706,-1.23488282802294,-3.34351965067067,0.930380412847551,-11.8401403869503
-0.719832168450037,-0.693120122003465,-0.387396742215944,-0.747230282078992,-0.684869937996427,0.082052398762844,-1.28608695668443,-0.980192717882958,-0.689939107343386,-0.851496120476621,-4.94341655851801
0.0115901774785287,1.52353599843875,0.158153302439074,1.3054638279348,3.20103249530837,2.50094975187168,-0.264040604980958,1.43870545725634,-0.307592561992257,0.247169201297847,4.53777282993231
0.607498403451113,-0.938028174655589,0.947360712695945,0.436844198093682,0.427192737518665,0.201548813027421,-0.510619372044209,-0.300211767773952,-0.214618932940223,1.16341402866967,-1.44883900271246
2.15080323861952,0.675753159017871,-1.02302826671918,0.841700818475372,0.925648730582738,0.804965868268182,0.265481096639887,2.37589315341072,0.378971651582503,-1.23354739368527,4.21299389510193
0.14733380036275,-0.540994907095902,-0.0468241362212523,-0.348365473540278,1.3902404939739,-0.0269116051743759,0.448968947679208,0.355141273578243,0.303289369114151,-0.0346735374901899,0.0830096401771907
2.15080323861952,0.675753159017871,-0.289755964831285,0.969975026449907,-0.452752359697635,0.777122052572198,1.86020582587192,2.37589315341072,0.407539358016272,-1.23354739368527,5.13510119266289
-1.65146418525043,-1.78401390117934,0.739886655334524,-0.462418272830921,0.0861811485438022,1.00732581694851,0.480977187841251,-0.0578752810450753,-0.432365196897505,-1.94750325999018,-2.50266734323754
0.681458380573291,-1.05137763337595,-0.377644132967411,0.618338698635842,0.0054407083703756,0.500444244729404,1.41765228253257,0.0807014777161397,0.776156095913685,0.792679637446199,3.72658013322672
0.962732322696258,-0.674099604265089,-0.158109011930844,0.530590961289229,-0.0359238242839374,0.859173288028674,0.787214966208535,0.907634101592166,0.776156095913685,0.633127181373971,2.37550876399941
0.190317940992871,-0.842861435454144,0.546112786583961,-1.32471421401697,-0.675474053575559,0.333526833169558,0.0541392909472838,1.01133938073905,-0.153594177372135,0.0976093731387942,-2.87008352249563
0.260611739320724,1.26256292487744,2.48091030300589,1.4884342415385,-1.3720540438561,1.55832729871781,0.837204346963236,1.51832733783843,-0.267363562125002,0.595516922338214,6.43990220278205
-0.730582190824336,-0.0623797044429407,-0.425576545596036,0.510585333589466,-0.453213264608402,1.07289261816057,-0.92366735983315,1.1199713093153,0.577119181552524,1.61313163282057,3.350779354338
-0.181964854601017,-1.1966466884476,0.6163684711629,0.303192528441515,-0.367812336676944,-0.316945767689312,0.0542663958857262,0.403524507042181,0.218556247536919,0.265909009315609,-3.47208790367922
0.824112879886736,0.421695992163246,2.78817730160785,-0.0489087279305732,0.00308004702453138,0.0753689516076548,1.81487406887998,-0.413587605950369,-1.78219282670972,0.790976589759952,5.0876919844396
0.304922511490088,-0.545064448417559,-0.939584919617903,0.725548539629968,-0.903400938978315,-0.131705734240814,1.86020582587192,-0.295741924480635,0.731543587034369,-0.219774445447052,-0.174015999686349
-1.17139110905974,-2.04623149024044,-0.486122355775729,-0.639872244700285,-2.63533786906271,-2.53245084061436,-2.69824880729984,-2.30184669011427,-1.38480728136346,-0.291922910691737,-7.15882017974908
1.28215333448367,-0.036215724428338,-0.415584551057745,0.662314020146248,-0.903400938978315,-0.555138018581751,1.86020582587192,1.28245626294485,0.0470061654066218,0.166453300762797,0.0493365187337846
-0.346363870351883,-0.851003281582917,0.972633070514023,1.25966945525495,1.20135162200548,-0.322952546151029,-1.31671843374891,0.860527676274152,0.684395234212572,0.266254222233278,2.92267365910629
-1.16313754500599,0.308507810347879,0.504772113583849,-0.71272911016318,0.97184707435467,2.2308617479872,2.03706292890057,-0.124760685452026,1.22752289853917,0.308333647449435,1.36743373840128
0.639008229567365,1.40817964304347,1.51797157406982,1.16301528714789,1.00927420661852,1.52095110283536,0.273653686674101,1.57428701907198,2.70317715169976,0.923516476453315,16.7053167408893
-1.2692028114149,-1.00551775222809,-0.431192575889676,0.288540165669239,-1.33503070702159,-0.00763373349182645,-0.605485385914789,-0.783309598721996,-0.322756477604029,0.132428270983224,-3.92131116452799
-0.627523524825866,0.0644728911247086,-1.25533894815854,0.258109981029129,-1.49802721520123,0.541235984179707,-0.818918490800279,-0.290273311424465,-1.48209724414176,-1.07017664203008,0.203279875247132
-0.122784580728878,-1.27515653513551,-0.213633243225274,-0.567171374659683,-0.0919888235219432,-1.61416490577824,0.488493417008727,0.929295257320376,-0.797715834593215,0.245194406644285,1.29541191891738
0.0515543599915535,1.14273562653827,2.48091030300589,1.43812087686033,-1.3720540438561,2.31182075393199,2.04458493364983,1.22959498304342,0.282321269814359,-0.0250905172448539,9.2287187383071
0.873824532298599,0.433635444480946,2.64568868405471,0.894072526126464,1.25544119883344,2.56394624705113,1.23967431266155,0.947579373259745,0.0380600052496806,1.87861045376702,14.3000630186926
-0.200013742927221,0.681665155206139,-1.0568084709954,0.252697219950626,0.369031892923961,-1.18110266560346,-0.2536368946792,0.215435325462916,1.12987882396319,0.79835624389543,-0.283806821371271
