"X1","X2","X3","X4","X5","X6","X7","X8","X9","X10","y"
0.473839825672682,-1.74748261767707,1.36283012250878,-1.08919233821441,-0.537064281267499,1.27497672823733,1.24966865309384,0.255126274152972,-1.43425601657029,-0.990006461604783,-0.238091812485954
0.688056102633712,-0.096404587051972,-0.70387860056515,0.486552661240243,-0.444669469162433,0.219306131051063,-1.37417854895708,0.433415825146999,0.939092953644993,-0.687192902493031,0.483521693711952
0.998439168068468,-2.6340866916287,-0.571896740427614,-0.523429775390767,0.354785402069561,0.380459101814034,-0.556242258958528,1.29397155225081,0.0509371876340529,-0.237312748221677,-0.989337478372099
0.64371064099866,0.981371087466876,0.797156348043578,-2.02988244497085,1.63687622235285,-0.982933246213429,2.04741636738705,0.348492694952342,-0.239514346943908,0.960033210548213,7.80750757420763
-1.71866194144058,-1.92368820357991,-0.00372669021732472,0.661832729700414,-1.23459384535691,0.465902451244623,0.194292807038293,0.52763502796373,0.14684240126436,0.377253990485151,-0.985642407298077
-0.421880133237882,0.970231509422511,-0.414508571340917,0.42468443899367,0.480498348604385,0.195549791323531,-0.278539373961207,-0.864107398301505,-0.396049222744175,-1.74003237510715,-0.253885787636464
0.145093324800437,-0.037456996737204,1.88330485527088,0.323499913657911,0.774409990758488,-0.566853997370202,-0.279363748102326,0.751425978526457,-0.96686762613937,0.343946511695754,4.65128494286895
-1.65880177892229,-0.179207993909823,0.540792589394068,1.35576617594784,-0.380456459828808,0.144727177889885,0.274629126578079,2.20415385098813,-2.00481619828642,1.08370893274958,2.09749073591637
-0.414576838321767,-1.17952054994944,2.17907723233261,-0.368269383771005,0.41086292845759,-0.9400817091074,-0.759374857951677,1.27208920889801,-1.08050687273729,1.22727182829406,1.6107262823973
1.02506388280441,-0.0309056589935578,-0.00012566336647505,-0.110118678671361,-1.73347900068636,0.761334454090769,0.0308589662242574,-0.0353449596507058,-0.176341297671874,-0.549152815446471,-0.0672697152771279
-0.52077349967414,1.15922892982517,0.594313251757372,1.83523963133231,0.905544804575696,-0.479529495976367,-0.16636240285767,-1.42747407464387,1.00714555311312,-0.670270060446347,5.20016117345771
-2.35418651006625,-0.213715086335462,0.644769272920357,-0.942517394781039,-1.19584848809243,-0.869323745522611,-1.80817995612909,-1.57430895967464,1.20224042143204,-0.680986341837583,-6.47297841676796
0.142205335348229,-1.2923943181389,-0.0927627029331613,-0.735339369457513,-0.50690901689671,-1.15298119556003,0.030052290887742,-2.37781537013688,-0.247164808158799,0.167611368116676,-5.25193048818087
1.42053475874085,0.230300985711649,0.864790060289192,-1.04836841072846,-0.225352262742115,-0.461249498826196,-4.812722637337e-05,-0.375803726145679,-1.05397603471272,-1.50774833101376,-2.42117565267801
1.25877719323333,0.768659244821764,1.00444371355391,1.82384042464404,-0.141461662138839,-1.53644820895908,-1.08668235599056,-0.414992905172445,0.654071359996099,1.07371704317996,3.51479051350681
-0.235744982751662,0.980525798681352,0.775904710176783,-0.490272241631862,0.672142823510783,0.1559425361571,-0.270521270468434,1.86026070923995,-1.52191166179661,0.292172042061896,5.18734819005074
-0.220125410906981,-0.876518201792841,-1.69205233448144,-0.181933662241122,1.08784242388415,-1.48904621539152,1.95890076432427,0.569853841379619,-0.670398579423177,1.03395459979596,0.530709117436903
2.12493333339353,0.0508377871090514,-0.649330387020461,-1.64012064957688,0.242525378110736,0.354563124307543,1.14704180394212,0.295471741306191,-0.106613975086809,-0.918247359933896,0.17142139954128
-0.976962938887135,0.798567884694841,-1.24199725946046,0.0393059045973952,0.457738196622051,0.886944204506062,-1.4784696027608,-1.1822114037283,0.998786255305346,-1.17232766859569,-3.34827028565603
1.0410038815945,0.772660547356624,0.760666054439273,-0.569692922884091,-0.516329982154705,0.236879163796561,0.448131840789019,1.27400564831174,0.100541988488902,0.444225632884428,5.20586880031519
0.36233153846265,-0.50171304135738,0.191920947047307,1.12470094326765,0.733420672388492,0.769903288198588,-1.80235974971198,-1.19052112558824,0.66329005901537,0.383946823853028,2.26418999412467
-0.663444799417072,0.819772557646095,1.16861590109432,0.0300904060902284,-1.13276716666241,-0.582523900634984,-1.0103734855983,-1.27921815944059,1.06364085230446,-1.30941098706323,-2.06042708015031
0.56436616673833,-1.26109868352308,1.17752519864763,0.970685419178802,-0.887273788110527,-0.489022707291095,-1.09945120223148,-0.397912116408101,-1.35756252861518,-0.421228216420978,-2.82176939540301
-1.40670366069117,-0.549567629369543,-0.168033058857139,0.693144600136332,-1.12307710504039,-0.546015930267407,1.1010235603135,-0.860607028817476,0.640395002018674,-0.945730228322186,-5.33852858170613
-0.697846436132071,1.01059468189931,1.77983341880632,0.0681418451284556,-0.231915859410705,-0.488139006996001,0.200146827194187,-0.826357785506862,1.33392085969749,0.157157574132943,4.63410735276839
0.353637643495982,0.154136677835896,-0.434931656249613,1.26485034534727,0.548951372215407,-0.350900316406909,-1.06261156923438,1.18542550121248,0.183874476932878,0.500941237498807,4.11379434956712
-0.243705212235417,0.755812268072713,0.30731680261378,-0.648090363221645,0.903712490211936,-0.425617092467735,-0.523138623025286,-0.0997389561370353,-0.272883081910156,-0.769519061874471,3.11917146314307
-0.0183762677623912,0.937469835093545,-0.824842900321262,-1.23030629584558,-0.711717156106515,0.919945754472992,0.343353322011434,0.373088165332743,0.63832077616279,-0.0757059128876225,-0.540669949588321
1.25877719323333,-0.41108933353609,-0.698191224596936,-0.778029368698239,0.293333409695859,-0.195049011928692,-0.178592634169751,1.00617135310977,0.934300536817028,2.92167352073663,5.88888415407413
0.0643170390162661,-0.576406066682907,0.967184784734203,0.452621841843997,1.53198692507971,-0.429203109228485,0.198018779030111,-2.22862218015498,1.5168866964906,0.576890585617219,4.14950831275177
-1.08600035439683,1.98701005905782,-0.177745007965089,-1.83864908352383,0.279262815824139,-1.17224170501955,0.468850767569377,-2.19433360910819,-0.785974057055721,0.820595249926814,-3.22204189216863
0.314322856277709,1.61952832908794,0.584180993578483,-1.0451339510006,-0.217750979395327,-0.692463129934743,1.03665060625114,0.302158208320832,-0.71762953148227,0.400592044674674,2.08539647381971
-2.14759425759372,0.143941714897188,0.697945360194203,0.0918952334012822,0.0292627937618073,-0.856633489945163,-0.218329574184174,-1.26456052000064,-0.120061350790204,2.01134229818802,0.0183969853109683
-0.29323328955916,-0.494838932113564,-0.470469464760486,-0.32294736899115,-0.111439132313799,-0.492803493227673,0.0993034593511195,1.55262544257137,0.758544897947488,-2.42117814224271,-3.69005313599361
0.686669427943632,-0.0499553051405745,-1.60006157723751,-0.744789167787909,0.539557034620697,1.23778035044809,1.1656260708953,0.990632045492843,0.442634194961826,0.840241646049076,4.62328598745402
-0.568407977676029,-1.18856126857482,-0.974126736635831,-1.67460105735947,1.45173436132914,-1.17133083415796,1.05737106509292,-1.18122740698068,-0.749204404508208,0.532413299000197,-2.45957801538577
0.234179972435577,0.715743508443756,0.988143504705379,0.718138542568463,1.0602387162226,-0.573159560574145,1.57703178838639,0.512188153971053,0.488358973795401,0.963142198372765,6.77198558042272
0.761134582521725,2.29442683862246,-0.00966047363691082,1.23219568733685,0.624077018026516,-0.768103873016758,1.26889955847439,0.529279381919901,-2.0807557950084,1.88506780012742,6.60983875408596
0.572756609745788,0.57831936832297,2.81014807488459,-0.456177666011761,-0.0784438139009514,-0.902478765292129,-0.171382805200235,-0.166787449887973,0.747880929518656,-1.87541316073127,1.32539160743554
0.657695175600558,-1.55858685372936,-1.05899291624545,-0.504388832896702,1.66987095370144,1.48210143164421,-0.592235143958853,0.279421959040781,-0.748646161379821,0.0804478091911448,-1.8959497975873
1.08730666661447,1.03973405875289,1.00213973426273,-0.189750668370871,-0.312447478063133,1.89955706660095,0.438368307666463,0.905849290703223,-0.0591375076807766,0.419221759257331,5.54267733367619
-1.04749708317098,-0.124048885619355,-0.428668459775362,1.15872294424194,-0.912232732947016,0.0509991349344581,2.0622541815786,1.54752563850598,-0.960127939275818,-0.571323336729643,2.64468341631637
-0.243705212235417,0.313644125659066,-0.323701971956152,1.11213767817914,-0.95724819226461,-0.88893132235035,0.50218377780509,0.547122678142787,-0.439166549441173,0.502043606133611,0.706744004328022
-0.89923685369706,0.330558824979477,-1.13702272423375,-0.76271707748149,0.0685618162888065,-1.73471925415857,0.333393889430548,-0.883310909859295,0.545745819959973,-0.247680493518737,-2.69827548783928
1.50248541584407,1.94707447249927,-0.349164767480124,-1.39401858849054,-0.507032726749192,0.247310468653201,-0.413391668495177,0.507018047928047,1.74188389371593,-1.70250563758638,2.50561517521749
0.234667844737504,-1.82156094213791,1.63537928149655,-0.266563031861089,0.549481740294158,1.65684698375126,-0.00343547492731008,2.15246042628895,0.913011949499929,1.24729609768463,7.02839426005519
-0.414802627110952,0.873439550760736,1.94114312430009,-0.892074074319749,-0.350188404591468,-0.494178385997006,0.931965149916592,-1.05583697913066,0.317182548821483,0.464063239830959,1.84928727823559
1.39905472636727,-1.81769779058775,1.8980180286816,-0.587530207743473,-0.207029882642994,0.549342999758024,-0.786010171839377,-0.0744052470862845,-1.67997126863902,0.0434471662978991,-0.0582676786018626
0.2435770133205,-0.418236451297188,-1.5653069923644,1.07612849751103,-0.274016921302164,1.84788641799545,-0.106035744937197,-0.0291588346933206,-0.947365127583465,-2.09600306255351,-2.27293365223932
-1.31166842180241,1.05898238797329,1.77878120371707,1.03076368339732,0.908998410650705,-0.644783638430732,0.0273081998940216,-0.290481958749605,-1.78220044794931,-0.899613906418559,-0.23333015069568
-0.765624570601037,0.317438147033121,-0.0665896710972958,1.12810418230846,-1.70604430907096,0.707049192173542,0.283777340204645,-1.43874683226224,-1.10579265846491,-2.22828592038976,-3.38379368654782
-0.980423093442792,-0.0257727649865755,0.331416359854985,1.50350845016156,-0.332748927133952,-0.00834285068742361,-1.14160982624757,0.0704269508661586,1.11791330736292,0.0400695608213353,0.295052392391433
-0.588869147108672,1.53741877414065,-0.377370338886719,-0.2954625123121,-1.09178859416128,-1.74515791892122,3.12554274463944,-0.614062377288092,0.370910398906851,-0.183587262491794,1.66269468231812
0.445012773917504,-1.29063085146352,1.34760409603879,1.1482475708445,-0.465627287907462,0.426591411138879,0.0750295912419264,2.72117152669159,1.10146874003149,0.15960297438801,8.02989351162314
0.0137920178679932,-0.304689627673625,0.00926975808001979,0.117035245568941,-1.88989308970213,-0.355105835055278,-0.246243714378795,2.43414901290846,0.929397887683478,-0.339091777644591,2.94365170932333
0.774231074793714,1.28925205259675,-0.972637244597569,-0.347536160161342,-0.00985441161644836,-1.76780873359132,-0.646603937653562,-0.587014597647883,-0.17678272301541,1.7046589443912,1.17864746141177
1.08730666661447,1.31798056379761,-0.448806857755099,0.762221387508392,-0.493716339476486,-0.297685785665265,1.23124268991342,-0.17003472002511,0.637097804572988,0.00319641283239236,5.84266536450393
-0.765624570601037,0.157094416798605,0.403648233811111,0.272002977821523,0.0641677748747644,-0.162127666730534,0.744086931263782,0.165004820837095,-2.2522014069275,-1.2324228038628,-2.3598375617662
-1.16835875944984,1.17875858948102,1.29099251967545,0.256192194639973,-0.600812419357953,-0.847209254287397,-0.0364198179410225,1.17363208842333,0.620169381666448,-0.818041170559823,3.65575954619303
0.488340623150211,1.37579288051044,1.85489530034097,-1.66193214911914,0.141008295955385,-1.67319479247329,-0.0631100282791935,0.297800010382088,0.52850766694718,-0.234129957996891,2.63504136604259
1.42053475874085,-0.470718111172036,-0.102645267576191,-1.64815317330474,-0.903131963070144,-0.630476054275284,-1.28662354695618,-0.752884056530111,-2.0071883678273,-0.843683676812944,-5.6607152184258
-0.715969269937379,-1.41234414671229,-0.184401952575883,-0.0699556803663213,0.237525089343714,-0.494683319883625,-1.39362192006491,-0.890423057495854,0.98860841947773,-0.662031889358044,-3.08373191801898
-1.1479517866558,1.43206564254956,1.84169819592283,-1.61184612612072,-0.780521026562866,1.6428457012253,0.356446849392708,-1.13371027736386,-0.200837896534557,1.10068292122941,1.23384920623959
1.19484470529844,-0.344058959604619,0.503225816689206,-0.221143129184322,-0.698435446519977,3.13239828424744,-0.966840922265494,-0.62154916713509,1.85059125225068,-0.541806308399507,4.95361904595301
-1.31166842180241,-1.09821526158664,-0.125386054772855,1.09388174745472,-1.59609837776782,-0.885468389462609,-0.332318140769237,-1.47528962768479,-0.119844967348949,-0.357957254993242,-7.58290057096505
0.116878704193903,1.44599448019794,0.0676633703675954,0.344025163540624,0.577822017542257,-1.38968857708371,0.425711189922778,-0.497571185727026,0.371550982514632,-1.03164884405466,1.81286780505315
-0.510818764933125,-0.00577472512851633,-0.359509014466864,0.668897731609701,-1.90507428116502,0.0669265822784688,0.0358029763128126,0.792804817800212,-0.778156103462758,-0.383297891467419,-0.924981914331861
1.31370171767442,0.704986801576502,2.11715541060944,2.43801771499994,-2.56303664101855,0.643117171255657,-2.60403898454991,0.570102495185465,-2.30464833953223,-1.04935832332784,2.47492626801983
-1.02737691927233,0.5499966110723,-0.541697371084705,0.700652361534411,2.18724305204002,1.6330017811738,0.806625757365449,-0.751988632037121,-0.138550024629471,-0.923251555826648,2.91540242034786
1.74773937676504,1.60495461129082,0.238736090560424,0.581410921844184,0.990433981438692,1.00544176048017,0.281220193265747,1.56748262684859,1.09780998228773,1.00433044855278,12.1080279979135
0.353637643495982,0.30742019091983,-0.619302029146233,1.32031145970075,-1.06672732484114,1.00055210860178,1.47001688976615,1.64365809312031,0.864070943777621,0.296896114711326,7.19147699969619
0.253737831411145,0.762064729831753,-0.0581841224968087,1.3316817720512,-1.12567180520885,1.8869335511634,-1.9231657538626,0.729150717859825,0.444038682656039,1.91376915349146,4.65714307868562
0.833011036370445,0.297977234435349,0.258197692456289,-0.177787218300837,0.866711925102386,2.04802135753321,0.940266676230683,0.634335224081618,-0.749569724002912,0.359276868159339,7.74557210923416
0.0995119993228184,0.139592659288055,-0.0804117200122054,2.16432635826181,1.09492834554712,-1.15405119650247,0.244125485256145,-0.214063584697976,0.177139501168784,0.351422895117893,4.70235183898941
0.159301496696605,-0.0633497095670963,0.935112954916964,0.57327139634767,2.07621728330122,-0.505973169984928,0.529667277793904,-0.166789161808804,-0.0456230979157586,1.19449348824844,4.89845829356886
-0.7240006703928,1.12138248938109,1.02885941271498,-0.107378490492533,0.151802344141002,1.13130762640146,-0.989714681143477,0.412740280317219,-0.344168657731406,-0.0292984938773862,0.281356702914842
0.498175511126507,0.102411273501922,-0.814094218443145,0.598459636178761,-0.465629436986696,-0.836214373996372,-1.08926837666357,1.47468832289672,-0.792019266973271,-0.38583687802033,0.00740045246511667
1.76879082689754,0.17368875959827,-1.83871899511954,-0.319136204562052,-1.39896303463605,0.648561180122701,-0.271113074753123,-0.8276056815855,-1.03811192635519,-0.388350697398769,-4.26048861780796
1.52836275698945,-1.47290589060509,0.239309787828119,-0.73346946063132,-0.0930312554338789,-0.0255306641605021,0.796653441554683,-1.41763799927333,0.713550992027365,-0.458561881812243,-0.22703647017104
0.401395430091021,1.06516967139689,0.418750390719939,-0.670253691997527,0.320684220732698,0.846327802976377,-0.555546305448047,0.386961085869807,-1.15007852781807,0.681774690386649,3.52552931307672
-0.720974778379052,0.329869467996516,1.03738997214344,-1.53549090709123,-0.105332682267781,1.72212327702554,0.701696868020877,1.81694909992978,3.29855449271878,-1.36860942209556,5.99977259194535
-1.41325477607639,1.88318902811295,-1.91866408835234,0.969401607900435,-0.115660411890936,0.880360695729348,-1.4960629982062,-0.128413135668599,-1.50983514479731,-0.0989782311617826,-2.44692119818592
-0.876944754996267,1.10318846929392,-1.18374879775432,0.180602724481583,0.478783507285991,-0.46394221197924,-2.43247392293448,-1.82229463569324,1.52740090793555,-0.0329534996168637,-3.89632428970653
-1.10793714596741,0.182066990340062,0.259397455095255,-1.78812805024462,-0.131365344477679,-0.513292652772445,0.588120130759001,-1.17439820841056,-1.1686683557061,1.33419621095085,-2.63967764840517
-1.21176245375595,2.24275250882127,0.68166344556299,-0.0717422541198391,-0.687208668189192,-0.26819128608605,-0.924708493697213,0.158597425933935,0.195168291276347,0.315789580198579,0.579257864326781
1.81330102804563,-0.520906260234346,-0.460343716146536,-0.294123862759767,-1.24042533117398,0.453437988626763,-0.67891257024706,-0.687192150581994,1.44308932034642,0.766830364044688,2.24421131665577
-0.915280672715568,0.0815999463464313,1.0907783787625,-0.633047004887437,-0.0673319128857206,1.32909441762305,-1.0174067270264,1.10465095715341,-1.21679285343966,1.0875318200557,-0.0562070879340368
0.252469503711057,0.355470052445902,-0.437292661933414,-0.548418865429007,1.37399328650038,-0.465107465463746,-0.520712429073196,-0.117724908460523,0.407090789647497,0.170106536697581,1.02583194861797
0.893459078455699,0.263381934095886,-0.500652838825974,0.148850039534793,1.23097400513687,-0.0900123160903147,-0.665525197058097,-1.52447061641502,1.36630405166503,-0.776797822722923,0.208607201429949
-1.03566607728767,-1.720777743515,-0.316365156072637,0.65955414571221,-0.93027885555282,-0.461122429636518,-0.614012544957342,0.865970713110713,1.08665117017794,-0.0964368071022087,-0.0680294528445824
1.25877719323333,0.00712095776592515,1.79918664825117,0.808110496820898,-0.51557298388307,-0.855187653879761,0.738589608120601,1.43618680510717,0.93562784736475,-0.380587218994527,6.33477346629173
-0.573335736796082,-0.485160262610377,0.829245812711635,0.968148409549346,0.462834866635878,-1.65363402721293,0.0430506167122219,-0.937540452124992,0.937516564706803,0.523474948957281,1.18813219550736
1.76879082689754,-1.9500972403208,-0.269691819739948,1.74056371328484,-1.78225348254721,0.0536748990102508,0.318973375300467,-0.429571872794269,-0.678249351210675,0.593410343488131,0.256148069340727
1.78680778537408,-0.804132668414707,0.403755920564191,0.643171925472344,1.55721022529273,-1.01496788947174,1.11779437919766,-1.11290517601574,3.06074286465728,0.668327538334841,6.16385043151825
-0.15826173248354,1.70666607658206,-0.351609064531243,-0.778871109658918,-0.0934122174237038,-0.716360100089469,1.17168612328491,1.13968242881491,0.162440682821522,2.56059260072654,5.69741458254686
1.01001202951799,-0.565030478339772,-0.456308443398512,-0.821040028668438,1.00670247442115,-0.918385349504823,0.77693675792512,-0.867290635590876,-0.687751839978073,0.807716430098775,1.84341540001562
-1.02801227332012,-0.121789056335128,0.504350598261608,-1.33854847304174,-0.424016696744863,-0.512884318780444,0.472491859516036,0.517977513209052,1.45946451808609,0.120474548557664,3.11774385911215
0.503816385686114,3.29187186879947,0.209516240285815,-0.595532850090893,-0.304886114217962,-0.360842971212931,0.347590810823148,-1.45590215623633,0.467038636407278,0.571566952432236,3.29524759533397
0.0614365813628418,1.4748239780318,0.477611296926901,0.683860297019621,0.121908741280148,-1.73220740470833,-0.333936013693145,-0.0304854673415181,1.45835690225863,0.995590304862123,4.72429969109946
-2.35418651006625,1.22272404312422,0.366018271937271,0.100501933218118,-0.213633081114757,-1.52217020990399,-0.155426597695391,-0.493859781141612,-1.72037249614468,1.48320864082854,-3.84126628334576
-1.43942110198344,3.07172108254929,1.12012702133707,0.0738099920247798,1.74454611467754,-0.0139618034471035,0.729178381493424,0.308237218024413,1.57123242424892,-0.266871691115251,8.13555586931975
0.448759720230125,0.667870944148252,-1.29311094790008,-0.665001839892712,0.316145102999336,2.52313303897496,1.29369828925054,-0.206082405353009,-0.617037302546689,0.27975400595754,2.62161850253127
0.0367148688033308,0.725934403518216,0.123309218515098,-0.626787046855465,0.229019187344917,2.00902243981256,-0.308309911246483,1.11489892994651,-1.13350842080967,-0.299487396086204,3.12448362958759
-0.0582571010239296,0.339511461078543,-1.45194648217727,1.11042411379549,-1.00350562523152,-0.0300147616263437,0.571292440255071,0.296959575798266,-0.787141258726741,1.59371455520455,1.41452395632359
0.355334852964129,0.684435990457836,0.320430642936228,0.949298835636387,-0.245262812079782,-0.632964991268104,-1.41573808642168,0.564989181838682,-1.65539377640512,0.669565798624704,0.22957116401184
0.309651303600942,-1.56872370755638,-0.0722089721305258,-1.01397107478578,-0.513271571441779,0.0521192753552083,0.472915629795231,0.0922711277348615,-0.534025625460825,0.500670821588885,-1.42071911305761
-0.0582571010239296,1.18101324923018,-1.76769898632056,0.933456848546557,-1.4320943014083,-0.458182604419132,3.32098425267217,-0.00899065629902264,-0.198111287625216,-0.899154065868988,1.2691237518767
2.95447495559663,0.495748315454265,0.169247899805093,0.385732534994635,-0.707255295737877,-0.530542091290087,0.122419944180921,-1.71120230017672,-0.149002310593087,1.64334874637338,4.1784070427991
-1.59115882455771,-0.313434584943427,-2.04583960371492,-1.23934253396933,0.331345570329514,-0.906728927504517,0.692703551328268,0.342650864970589,0.0452530195469409,1.10788180955963,-0.949953225102395
-1.14855467061253,0.191025931322461,-0.519678675872435,-0.213195445893757,0.648803549221728,-0.603507686391703,1.53399925318553,-0.453644461456049,-0.0764569137560868,0.601460868544877,2.92439149324861
-1.32665239589402,-1.00469327788728,-0.678628872967563,-0.368430967363347,1.39039595608745,-0.175759303804582,-0.121834687613788,0.584280857176991,1.43829813879203,-0.184845091951693,-0.238684666478384
1.25877719323333,-0.412225708600753,0.70152321360822,-0.835941815591647,-0.799400647277386,0.00865896992906372,-1.01243561762818,1.50564826017173,1.82869197065047,-0.277752536965063,1.77682156965105
-1.50642789398678,-0.382472207906061,1.34171007908033,-0.297189428815185,-0.6986398477596,0.0334154482147281,1.44352319382294,-0.767743548914048,-0.459077862824783,0.734761823243221,-2.04809063870739
-0.556022683229268,-0.965331462395845,-0.885003192267492,-0.359293764452377,-0.32920127502496,-0.0345467212639892,1.17672690535411,-0.353548869818708,-0.366140680769032,-0.681376730548051,-2.16771603030935
-0.642944175341921,-0.860113402806453,-0.714270637141297,0.115918929148043,0.387623302032276,0.0314421179245845,1.65206277480915,-0.891882444085581,0.342173454039198,1.24046285231456,2.18711574455501
-0.260216963332461,0.533486624951795,0.372253573178536,-0.314006378134739,0.890215701004772,1.28652292783527,1.43331136958997,0.456139019307334,1.20100668587141,-1.42135497724918,6.02257135953869
-0.320652940064068,0.274929574245605,1.43792985049473,0.194175427470691,0.748176978273518,0.581293618419411,-1.30907403195503,-0.717747528091125,-0.0472928069403323,0.614159625016724,2.48950736248781
-1.20186831233349,0.941149886949197,0.797545206108558,1.52226422926058,-0.566681148094735,-0.80511638964813,0.580489825389181,-1.07404316996578,0.638683661909702,-1.29561904257025,-0.718103295969294
0.425171325428818,0.38824232541715,0.236198565183069,-0.380088104217738,0.140931601289454,-1.02528702034154,-0.3441880235536,-1.77162298297653,-1.07324659717961,0.243556187874803,-1.47236967570855
0.132193354418978,-1.05378379298795,-0.462110941007931,1.22164655829178,-0.637273929002416,1.0243767118235,0.381481382623806,2.0166304955433,-0.615692319105442,-1.2388338312681,0.930851564324003
0.488340623150211,-0.284781875263029,-0.914509461130623,0.896750661116412,-0.10562849993789,-0.324874062097916,0.362577426197895,0.161558431928577,0.196651160791531,0.0912417031574862,2.57523852059945
1.12213853266588,0.957230790067526,1.18780628627724,-0.156903991177578,0.0378529288903161,0.827241086592178,2.14882947884597,-1.12464991369213,0.498024464776787,0.25336757120158,5.32405836988245
1.64040023709392,-0.12424257513731,0.0352084072464769,-0.320257776288699,0.302581135798132,-0.554080037710742,-0.368650117595711,1.40065691079008,1.27291377731076,1.15852649944525,5.36952758562154
-1.16835875944984,0.677626225598236,0.26158384039736,0.129619426092536,0.50261777266433,-1.2798932332213,1.01203403996561,-0.223241521547641,0.512293868641284,0.503839500363398,1.3388638346401
1.01451527707698,-0.292255126203573,1.87544345351011,0.580390903290584,-0.38898183243574,1.10675149983976,-0.318981104809315,-0.316860866544605,-0.239288048487861,-2.91750350850859,0.501677294983606
-0.147033461114462,1.1933355123258,0.552943368380095,1.17622795834989,1.28504767205661,-2.63633543455952,1.19121617812969,0.0866044899240266,0.316121607454117,0.501379197464479,5.82312954546055
0.748430995497785,-1.26571330457987,-0.233101402938735,-0.643015485669685,1.66847671023494,0.226499795509527,-1.0396628892614,1.59947390587501,0.452472271698899,0.448961518896447,4.58852553649418
0.145108647457139,-0.507518091054041,0.982497397831127,-1.83856745423248,0.441959229374889,2.5616993062533,0.719564516853442,-0.382184071598899,-1.23843636109512,-0.666071497254893,0.843828469599228
-1.71866194144058,-0.17541799826705,-1.48946055031191,-1.23990797488302,-1.33910793256905,1.0487532909401,-1.40864735377611,2.07998629106284,0.881755864025784,-0.675033528552743,-3.62699190712754
1.46558207257954,-1.21052640144177,-1.83612418552648,-1.55564448390672,0.786291818742236,0.521523964048111,-2.67247623024111,0.293565253557611,-0.912335351564463,0.417451464252179,-4.78714427858138
-0.319961061550203,-0.0165951749542595,0.00637870221087194,1.640484271393,1.45847225537751,0.750437083131097,0.537479383927174,-0.472359004027143,1.44641293529395,-0.181669858950776,5.51013634322711
2.16372122025234,-0.287300594261427,2.37120553775937,-1.23712963299507,-0.806827941635993,0.633271606794565,2.28207237570386,0.727891927049375,-0.613746336065795,0.663207671887084,7.56788410826295
-0.734555268539954,-0.121183248356862,0.678037259319801,-0.657251643842548,-1.21357938057434,1.24573962314479,-0.405745712408503,-0.0506127952505949,1.24695373135104,-0.521464350301534,-1.06435118516597
1.02175301799487,-0.380297818096998,-0.488636777010813,-0.955677151252896,-0.320432578918329,0.20494143269337,0.584943425735531,-1.16132317232033,-1.50468312342373,-1.84169316557713,-3.23731717768825
1.02553394511394,-0.8846594303032,-0.631770951843511,-0.435079490968027,0.446579301925636,2.09644797220663,-0.572938028831138,0.790340283808893,0.582287375371556,0.732543150611826,3.66694703902567
-0.15826173248354,1.89473645110671,-0.274195273597408,-0.586723379019962,0.482450141876258,-1.14500288905811,-0.599311206435447,-1.00531433292868,-0.128381398561672,0.739733441277867,0.877892869487417
0.340674955536333,-0.547176796672877,-0.180611245369754,-0.472151965930154,1.61385879540845,2.32865529562204,-0.964076767758092,3.1985354042533,0.676276312261532,-0.646408985940087,4.37358728869396
-0.375311908763413,-0.380592180251963,0.820378267892104,-0.87804541342911,0.113380737977142,0.953601731045968,-0.693222490346717,0.456628492739,2.22795102027789,-0.525344474815804,2.65397118632334
0.537541975790967,-0.462565231852431,0.272016741883688,-0.60393499179612,0.375757378531909,1.38652878021792,-0.921016728043521,-0.242529121368761,1.36165905932824,-1.65116229467104,2.10380693525955
0.970392535986321,1.01333006209884,0.456867883979291,1.62788683699158,0.0801499996843106,-0.169207839291163,-0.844580601569933,-1.73000568506649,1.89970418828098,-0.450509702799401,5.1414726066261
-0.288796476635402,-0.365826606603698,0.60751067072512,0.0521284585354216,0.350174783876765,0.0580128132863929,0.177342618362137,-1.9897610350209,0.698111817805386,0.210486254667986,0.247907201121427
1.25335499022076,0.365840108022247,0.147201331986647,1.27770940030393,0.0216052598612741,-0.300381120014942,-1.09995310843889,-0.37070432040071,0.725269616908755,1.30723080772143,4.01819528171856
0.326308403778994,-0.965212790688226,-0.637281076179631,-1.87637987873176,0.349899255627124,1.01383755619776,0.735305023240312,0.137206935797341,1.12621478069045,2.43865488210524,4.25553674521224
0.36233153846265,0.0805327963393784,0.87651111790106,-0.0882126976018423,-0.834715836913547,-0.0232974238850833,-1.56975346438659,0.56121039581326,0.473695826961426,-0.493240024867686,-0.937997805987327
1.25430130215415,-0.94153882833769,0.456321412705295,0.436089870198879,-0.916167949652797,-0.621810645102118,0.113836978977305,-1.17146516784636,1.88675342909425,-0.836029649381983,-0.161118480624798
-1.21176245375595,-0.126967043929239,-1.0773950031816,-0.535013678957113,-1.25374810616574,0.574038827453093,0.966549669064536,0.313245098770829,-0.820989667269658,-1.29777594515998,-3.39971665844318
-0.00541876326511116,0.41478861789118,0.17082634094444,0.906444407212132,-0.150415287234451,-0.400018457397368,1.14695100782323,0.00250520934563386,1.94934585552565,-0.191690433588839,5.53834009101752
0.437182326793838,1.38706285671953,-1.24859154470284,-0.285258775329322,0.560477503769088,0.180291469984162,-0.442762635530574,-0.336210521563672,-0.531021715880287,0.120165851695975,0.457665802361542
1.25877719323333,0.19981670466356,-0.732733252475168,0.128792824590938,0.316269643233247,0.926711336616115,0.711414566809309,0.504746947351504,1.40996088080982,0.226465793861989,5.80882325218056
0.327796655726069,0.251910092005416,0.00262849808868625,-1.34619159104793,1.29624297190361,0.438880318748874,2.13834844044283,-1.37019014729835,-1.47344794886327,-0.300949040987646,1.84550215494367
2.95447495559663,-0.182270097736349,0.908163711116522,-1.10311684125219,0.348532265217117,1.21375296493613,-1.11546325640737,0.188237624912041,0.298141015021039,-0.492971879660534,3.54553660637181
1.04911580263297,-2.79066640576521,-0.402776068220825,-0.885935440759458,-0.255680591376344,1.12437017143232,1.05480250303304,0.121543495707038,1.08609942295891,0.240138627172197,2.13519521849483
-0.264054379711794,-1.88478227744871,-2.11955666574975,1.59807332183172,-0.583476009066177,1.90076868763241,-0.0242438288360702,-0.0999677680172554,-0.370999757677702,-0.305438926438947,-1.13044374527248
-0.706437980838222,-1.22250961093323,-2.0452463976847,0.111634515417032,-0.0538137408854355,-0.191780794093394,-0.671689545299777,0.213401399206525,-0.966160157030088,0.777221956962317,-3.85765906956006
-1.71871675374977,1.27512593200022,0.306108159139525,1.14720184624741,-1.08977091054142,-0.136052075256153,-0.138894066740965,-0.562136246293245,-1.04406545077987,-0.674580345587718,-0.76993445117378
-1.43942110198344,0.244752768322824,1.73359268651777,0.870410267435778,0.355721030339397,-1.04096595276518,1.61310833013883,-0.986887270445172,0.646231168384122,0.0597375679757523,4.55803789499877
-0.375311908763413,-1.88903048280693,-0.120954012423864,1.39493694811051,1.56870223380588,-0.759657097927797,1.12014629127795,2.15533121789807,0.666493176385615,-0.730547747315797,5.10156648774595
0.344233857262081,0.93322347793678,-2.12517249383412,-0.42153290334779,0.572111053121696,0.224346005258982,0.393535932390644,-1.30600628057675,-0.416217019207468,0.141939969249299,-1.45220982672616
-0.442344037006797,-1.13169035089572,-2.91588075802081,-0.755553983169829,0.107753302571421,1.35771697070414,-0.944689206785023,-0.923265821430767,0.926296676479669,-1.69921817608267,-3.39511577035173
-0.320652940064068,0.366445096537561,0.074970162943356,-1.03988085873476,-0.262010299165593,-1.35568047934363,-1.43570097890209,0.566803551407698,0.358828276796054,-1.95644154157431,-4.48848400999589
1.64040023709392,0.88930550585382,0.0136024026590085,0.894566796110582,-1.00813410059213,-0.824918679295135,2.09163763903019,0.45144671071759,0.743321079994797,0.921455335477307,6.11069127696815
0.632418296560392,-0.751275684187648,-0.918089024959723,0.740089182496759,0.0940003165789078,-1.00586546726566,0.337583499143693,-0.902396723751264,0.28493371634954,1.22238041000798,1.14215959482295
-0.765624570601037,-0.949199419425679,-0.140094135079836,1.0321633014956,-1.24043886531758,2.59698337375353,0.354287293697903,0.888956330667158,-1.43686123512257,0.307873744010641,2.35846777736361
1.38129648830937,-0.11979441474418,-0.85430012184268,1.40407978112008,-0.706434683213455,-0.30581508156044,-2.63569960276804,0.0388949543846259,-0.469042244767082,-0.00571898421093185,-0.065835418475257
0.286117625117546,1.91853186606985,0.0428022623812451,-1.40937391606493,-1.32369278128123,-1.03793170888604,0.282312692127535,0.922782162642316,-0.859370251173394,-0.0944508725275817,0.637205382310945
0.761134582521725,1.12093830083711,-1.49884196100123,2.10348066215261,-0.139872360330963,2.56667435743867,-0.535196283262272,0.228966997801252,-0.417512100101155,-0.433440617346113,4.20331387837229
-0.556022683229268,-0.361223571142132,-0.95972831410221,-0.937753588375929,-2.47539343022173,-0.910825524539762,-0.342495223118918,0.583770067921509,0.786129588448051,-1.38814471427121,-4.3756730806781
2.06496341751225,-0.115623044518681,2.58076473919134,-0.362949333688543,0.526084399579246,1.43212955158431,-0.272641501597373,0.0200902803658466,0.834510531605326,0.159817048929597,7.75579401292753
-1.13546915022144,2.46719427683072,-0.248525177327985,-0.954269162197926,-0.72995603269875,-1.43540489116963,0.427927602339406,0.274157248460193,0.576311091402568,-0.233445423834263,0.023715595256132
0.892005698716386,-0.534913853055484,-0.272845804708546,-0.374406013338211,1.1445000115369,0.916923667957084,-0.416819337426565,-1.25444311783934,0.223323426131517,-0.471200663735534,-1.12711697933986
-0.629286411464251,-0.714231509076188,-1.13248381373212,1.2599528546458,-0.203837458280718,-1.36738235347812,0.181261369055678,-2.68002586665522,0.622851057179501,-1.34474630886061,-5.58079072174258
1.52836275698945,-0.285696160981775,0.0516070691182011,-0.476979026681354,0.404006610353917,-0.358780583235032,-0.670710712234573,0.172773906878732,0.969263984204254,-2.00493618284256,0.339235646503352
0.930242690272091,-1.23924323489875,1.38035140739928,0.171531467310802,-0.267103343374425,-0.0255009784188893,-0.50392881158936,-1.57590112984643,-1.65492523518636,0.329791037759957,-1.67137541720926
-0.430851662807213,-0.408731291308435,0.141543937239355,1.33047650883982,0.0758979943105118,-1.25962237777657,1.57772622334087,2.64994020004848,1.08593221628574,1.37702785687723,7.60702128217242
-1.08600035439683,-0.0371643124295497,0.523765733089081,-0.629107257186156,0.931834976679043,0.54893571466914,-0.839381486337014,0.588159483664011,-0.682802864898282,0.366937685664683,-1.79178743318902
1.36820007440145,0.452602829666715,0.0584733015772148,-0.567474661943976,-0.585586034464299,0.396557262087607,0.697639183741139,-1.17670417435327,1.51271566225086,-0.755221972417421,5.4019300639299
0.64371064099866,-0.695793394793175,-0.165154660110361,0.634118112802986,-1.79935695343787,0.449482243488241,1.46132629645486,-0.234677469830755,-0.59250456098484,1.33312574274583,5.88534445173722
-1.04749708317098,-1.95684039690632,-1.11338488976559,0.1851591794199,-0.0735265664936603,0.154925149093366,1.14932086877325,0.335597802182665,-0.702469826098218,-0.846554186828238,-0.62108096916743
-1.50642789398678,-2.62848113195371,0.258563885266933,-1.52807903905709,0.117700523365837,0.723450385377325,0.0245766130520069,1.60732735366756,1.13410432791809,-1.68231202491859,-1.73754407113832
0.217141553933963,-1.83881408207828,0.977139788660939,0.119719174103998,0.296750213626285,1.00621940156943,-1.53039160086268,0.752328303495937,-0.812788844652585,0.372673490846247,-0.801879171938391
-1.1479517866558,-1.61967301640057,-0.0651199908919751,1.47771186565611,-1.12135687542161,-0.916381779992938,0.525761859989575,-1.3953520049341,0.109345913738068,-0.271813105933611,-1.7753336410374
0.620840792443447,1.05395317860704,0.402191283695356,-0.463051357615784,-0.769521382024505,0.951570638509467,0.0740399810532732,0.487235202154071,0.91423473920926,1.12094447565794,6.37308088948293
0.279888704680041,-0.0535174162053663,0.0664074256485346,-0.00172667158332558,0.610898748015206,-0.644195100875111,-1.17382654511229,0.755785024989417,-1.12660410992152,0.824660284339946,0.987444662415667
2.12493333339353,0.514751746752028,0.919448965108527,-0.12151741511508,1.0045624701965,0.0439723244524659,-1.29061416155406,0.512976350427701,1.86840645112286,0.55935567418769,8.01905507027874
-0.734555268539954,2.26807187127164,0.232397544980393,-1.57150104885049,-2.028873031673,-2.56507475499053,1.88639946651342,0.0914018289476917,-0.332940205959069,-0.96826512410498,-1.64259101816094
0.503816385686114,1.22385017576185,0.571014015827524,-0.491386270427462,-1.23753029874751,1.11999290548154,0.0763735112497347,-0.187447561057834,-1.27168795813061,0.859404400253469,3.57462890040268
1.31287674499171,0.449137010314107,-0.736509669665541,0.504980345395277,-1.27985991225293,1.49435050602588,-1.77131002578185,2.34963965680561,-2.28184511960383,-0.928351234567447,0.412078207223276
1.36527426766598,0.307183772842997,0.102669921702412,-1.42311928388259,-0.0862116778330633,1.17864754485216,-0.263704719097326,1.56904635828613,-1.02355384639059,1.823946899106,6.13690765847093
-0.960982049086143,-1.59312974372513,-0.497809221026806,-0.163114075500739,-0.747801983517151,-1.43161395286385,0.602653682071712,-0.406829892481974,-0.0521289443485492,0.00481243813536166,-4.18354153320341
-1.29670032187182,0.501374698876282,1.05866269913566,2.39039441342102,-0.679087167909126,-0.945609549840528,-1.43314440867501,-0.986089561061884,-0.72570953185651,0.132850608918885,-0.921208050159672
1.19234021894611,0.20536518498678,-0.473261299479067,1.56712235276986,-0.602129425387809,1.16430067704413,1.17944884375064,0.637009073411833,1.03661161175855,-1.91225039174016,4.42064466525462
-2.71982862921944,2.69257672625934,-0.784230449514061,0.401882239071158,-1.1703798711123,-1.30557260544035,-0.989407575682837,-0.436948619565723,0.442429842098158,-1.05866287923822,-3.61769659507747
-0.0929687677341548,0.993015980153084,-1.06251153097937,1.36603212543426,-0.312385918782773,-0.354830013523627,0.0837216229281946,1.53558554186635,0.46681886085501,-0.575167059398569,4.09387846959512
-1.81840791173219,0.0778996488975925,0.137761635205646,-0.73631785548665,-0.111739753414281,-0.675302604894553,-0.679674328088827,1.44592472153377,-1.06290505343819,-1.87142193949048,-0.705461447141938
-1.41325477607639,0.1373541362878,0.0318624713114828,-0.488528457367436,1.19658466708782,-0.0480537020081187,-0.477789114449098,-1.50302276281119,1.33988810835187,-3.01385270349611,-3.55441083188465
-0.0692488273930803,-0.159832125624367,0.130691648211183,-0.833180937157031,-0.334232478890785,-0.614799851132687,-0.483199362328775,0.703118098423191,-0.417913784022303,0.236599449080011,0.0213534917873875
-0.568407977676029,2.06554039594473,0.30522239391265,-0.61443182480461,0.950038288150138,1.25294968130641,0.630721297065726,0.872125367072476,1.11680264667347,0.025483911934398,6.7188913368743
-0.195339261208692,0.3782963239369,-0.801132077812654,0.0465483234335525,-1.74228033410591,0.75179708719698,1.20014106358219,-1.40951769101616,-0.866996050207276,-0.287205187599528,-2.27536696420668
-0.672990516139848,2.70371347192674,-0.846915651961818,0.228206308552807,-0.999281877175429,-0.0969504690335817,1.63017563814286,-0.574169203297367,1.43833787936589,0.629442322817848,7.33285523263548
-0.79802304940374,0.410237638977622,0.189373991288137,-1.36158073635722,0.577975022061255,0.561190766536251,-1.59996643628615,1.2816782630815,0.220392204717829,-1.3939040304334,-1.37165106851381
0.64898499257034,0.413972945840185,0.878166278280351,-0.0790395307063034,-0.0825810571509897,-0.240437081533252,-0.292354235231093,0.591414119336615,-0.814423949576045,0.745745866760108,1.04506083602913
0.252469503711057,0.24308095950243,0.827069822320509,-0.820434199398159,-0.125460142844573,-0.79214041809126,-1.32843398133351,-1.08779542640957,-0.532674652759877,-2.5300650369079,-5.67974739403985
0.399913498874001,0.0686476457993225,1.00114023964201,1.03395117805288,0.433682343283821,1.89497102554682,0.919097451766661,-2.11257083093932,0.479790800768485,0.341675428885082,6.70926516348966
1.45665402615668,0.276108218862804,-0.358115953497314,-0.0345888438418103,-1.43158827091714,1.38024527446033,-1.62835738146802,1.40134109922424,-0.127601237726535,0.807418587110151,2.55514389225596
-0.785555169103862,-1.74064396832568,-0.458532735011376,-0.30589811230794,0.675573811100083,0.48020709181676,-0.939081595994354,0.158884080895174,-0.751303303230591,-0.30017192234717,-2.58844177325356
0.436414742520793,-0.466630125787584,0.810420248346257,-0.140390189431883,0.964828126726045,-0.580273119627876,-0.451870006723661,-0.588496231833897,1.17233615555526,-0.451047966732006,3.43600094028433
0.355334852964129,-1.39202309207121,1.39262522126288,0.914189938906931,0.482225842600381,-0.832108590381393,-0.804010365530732,0.803080388897758,-0.987436209925932,-0.198251058732408,3.71216445429129
-0.89923685369706,-1.21253680553959,1.18799552052477,-1.33547974194575,0.913633164670874,0.895649814430182,-0.752914954217481,-0.569665223962558,-0.591150280370909,-0.236164591066911,-0.957677500798685
1.42383929500089,1.59118449562302,0.549374750008009,-0.422228414349978,-0.784743048961167,-1.34483423205839,-0.220179559436802,0.691477749050914,0.760707859309296,-0.860532879259802,3.15934443568371
-0.300355192642032,0.814971471931197,0.864828870147387,0.834627616627958,0.322204356452026,0.161070660994002,1.10586982188053,0.914900661144311,-2.23360100500996,1.60736764283094,3.89832831003723
-0.476312885113192,0.563422558024146,1.52381019465962,-0.784360072381646,0.966389599736358,-0.803236210714164,0.103077837702903,1.29936807867442,0.500710265383592,-0.0832110777481156,2.97603407214657
-2.06214268033145,0.66334161394143,0.552391903670137,-0.366348731892511,1.78037283514366,-0.214526095626761,0.452924910322422,0.00641052523661859,-1.11692746200508,0.600857150581351,3.20845424040333
0.748430995497785,-0.44751222013554,-0.260917359367341,-0.023738698480345,0.114898584991863,0.411436214675304,0.855293527989428,0.693736895962998,-0.467549751313095,-0.327241907853299,2.08100232508703
0.758979912322216,1.16707620531568,1.66303999537996,-0.571016969094341,1.29797981932838,-0.613060518988893,-1.07235620972812,0.0416426763223782,-1.40479770360279,-0.493089302434267,3.52869795566283
1.35674200231684,0.37156280614489,1.85055490994099,-1.49680886013591,0.225641962709895,-0.64828202946632,-1.32563609467479,0.252590139034606,0.622293675292063,-0.260073308463653,5.13107307130243
-1.13546915022144,0.152145477323283,-1.16830295253524,-0.111060136621525,0.0319458730066233,0.0697492506552609,0.308495536984804,-1.93760830974217,1.46256989547596,-0.00133651933713602,0.141690955595403
0.726252177074803,0.0790104982145085,-0.378907098233735,0.0968215124799053,1.4860118854344,0.147505158351116,-0.993817481732331,-0.259237336594267,-3.21343449705636,0.11823477765319,0.221203342327013
-0.715969269937379,0.382518109190503,-0.629613822416674,-0.310444024065406,-0.428083105002234,-0.316555596849803,-1.45775753462192,0.622712782771124,1.34359305182575,-1.01121701700532,0.806398021369424
0.0367148688033308,0.722645919104366,-1.97627276942139,-1.83073420937007,1.29850535201131,0.0846705837058723,-1.21845009449132,0.810570923957632,1.03966951524287,1.62441914369353,1.38863456456777
-1.35455937448644,1.02138392802162,-0.724575122970975,-1.72184260381077,-0.312246757495054,0.273820989088998,2.00435623019951,-0.0318573074263281,2.58879064463178,0.732155716262363,4.5940939544203
-0.164481796522173,-0.782729934188016,-0.727461741055325,-0.683563530100406,0.965996241374531,-0.95754235224042,1.97550125260767,0.573338266867094,0.296803040839036,0.0940240778880847,5.06597975127293
1.32479827880697,-0.396754482605162,-1.45751627165776,-0.331770571407697,-2.72236795018715,-1.30764107066734,1.72439840169684,-0.303992524627707,0.180872376426421,1.38676193205197,-0.813730418062509
-0.130310540509785,-0.521991456968735,-0.365189966404813,-0.220927067064944,-0.050662134464404,-0.939959909258676,-0.341694849977674,-1.06215415343307,-0.0231522212987013,-2.4217028414058,-7.70190794172646
0.930242690272091,-2.34950216922999,-1.08136973285597,-0.251146499690209,-1.14352017575472,-0.0477016066682596,1.0945226735647,-0.344420329610267,-1.10787719848909,0.386223915842914,-5.51397239928139
-0.44988389710862,-0.295973798141334,0.920464752814724,-1.26073118499879,-0.06783385632961,0.846622537605253,2.38178741414581,-1.5267447592891,1.25248197664263,-0.0597602727141694,2.12016687359964
2.1974605288141,0.247152825879336,0.108876571695301,1.86134668805518,-0.22979629066483,-0.600925009109422,-0.387347001692194,0.640896747568384,-0.451913551749482,0.0146956439153016,4.34649594431679
0.13636099305809,-0.825746151820395,1.0307440549727,-0.740651655979206,0.76633062224876,-0.255926534109903,0.973814498816768,0.225168796638982,1.61625929080574,-0.399075242465924,1.72649533359651
-0.0509053431481082,-0.818244403542821,1.39742041785056,-0.865473959171869,-0.236438384008299,-0.109886804751492,-1.78255615085174,-0.647183252604373,2.05529970631287,-0.000555841435848276,1.97669291606762
1.2783310052198,-1.38975675719112,0.198964934882747,0.395559929511154,-0.189908512619142,-1.81024181348399,-0.965758161461347,-0.384565659469248,0.671534913759752,-1.44684131928137,-2.28285361451467
0.80024479380911,-0.406655871865392,0.472965830250239,-0.618008830027041,0.382511941035495,1.10146391702266,-1.20913243958605,-1.31878424361198,1.47088332355575,0.639017352995059,0.945150681755779
-0.712743783156607,0.39916307652533,-0.421678126888643,-0.359131801393436,-0.911243159647252,0.745977677446516,-0.901036228801561,-0.778762925839352,1.19441824199448,0.139539069992257,-1.52980284425319
1.96048258045065,1.53787415622204,0.601438818479281,-1.60516292520149,-0.191511804001365,-0.709541020392637,-2.64202501168885,-0.0590362632981949,-0.0236913464056581,0.888736911860104,2.20604998065328
1.6017356610171,-1.06655621669879,0.259954283272078,-1.4604039008371,0.047959497218716,1.37115860832891,-0.678640887098635,-1.77696869038048,0.337563953451615,0.110570336084246,-1.69907158662897
-0.272124153540412,1.89358585868777,-0.538812538633765,-1.07573917253937,-0.0979287246157434,-0.837609993842682,1.67368249215899,-0.524164513654704,2.50185747672762,0.281703229626782,3.16347770212122
0.503816385686114,1.21965479913026,-0.833184461681007,1.38199333831132,0.241977930381957,0.676160616540856,-0.339064695318006,1.23437537406115,-0.284552380854202,1.46034011011874,7.03626528965
-0.382215785695098,0.866825518086057,2.1496419822008,0.367038260285929,0.584656033961205,0.340035106651983,0.582398300805813,1.67994323962974,1.03311872862736,-2.15716434151528,6.28973396141349
-0.058418447990127,-1.09048728481882,-0.0929561343676403,-0.0462629844893683,1.67092229667157,1.2067106118429,1.41331042457473,-0.132785903107088,1.22780481446526,0.0874527498107522,5.33343246543967
-0.876944754996267,1.57979201575634,0.609941737499754,-1.53867290429773,-0.101298498519218,0.648051476762635,0.925354028625261,-0.598088366878034,0.567117894893389,-0.0459290862859706,5.80825710603696
-0.0166589902752914,1.59413422242984,0.955215241857121,0.165429947408839,-0.948650039494215,-0.281855155003489,0.159566630626955,0.329840563306806,-1.86141184763412,-0.797581833346219,-1.02802954558272
0.11555222917933,0.1451003164613,-0.964916581978687,2.52260568617403,0.147769633379493,-0.0206364716947545,0.158518887736343,1.50677921320305,0.994458313543687,-0.966857921275519,5.47434045539929
-0.509455853062873,-1.68128800379807,-0.93680170731879,-1.64278495135274,-0.591617138067814,0.26225743284208,-0.574199365589566,-0.343146182877548,1.82129544239775,-0.819876630385235,-3.8204350011478
0.95906419246185,-0.127165481139369,-0.636949934259577,0.404064609308966,-0.965814839068124,-0.744359308498149,0.789090995296326,1.22696155831677,-1.46772401129851,2.15344711262998,2.97940558584158
0.159301496696605,-0.834658998711413,-0.597030725087136,-0.926841162672676,-0.711412660003956,1.22611480280075,0.622266239536031,-0.136269166507014,0.82548297103028,-0.215833417995295,0.160001329984732
0.160880415183904,-0.958008239805241,2.51136849492189,-1.09688499760728,-0.315397044564424,1.17536428383418,0.65718707797802,1.93829478939925,-1.94245226846034,-0.9279617938277,4.91454184753857
-0.430851662807213,-1.08596212217454,-0.189878474787112,-0.0152052489281193,0.401047384125401,-0.618446901032045,1.08012747594678,1.74862036779693,0.1041649586392,-0.352715575819185,1.3015962751177
0.473839825672682,0.342897868801787,1.42877175686491,0.603827061805843,-0.485832811814017,-0.100888200394804,-0.0996281947258058,0.469518981563519,-0.166878168783441,-0.186434440385044,3.63810587934006
1.4215827232612,-0.223427527878493,0.582849130931581,0.713111519301924,0.50973091308313,0.774448390319895,-0.0972391942384694,-0.405976166486463,-2.02981534530135,-0.01130155574026,2.55820711597969
-0.980423093442792,0.408548885721688,-0.369976683962461,-0.617186820498613,0.34896640645883,-0.181035804805095,0.323409702475837,0.138454908013309,-0.725928125842057,-0.149529761658083,0.848557365047741
0.686669427943632,-0.0322982023879081,-0.714969682497515,0.372680096492266,-0.130968061348183,0.686644605953943,-0.113050335809782,1.38804408091853,-0.0308593559029514,-0.835558330716419,3.61273154172266
-0.921803529512536,0.150797283528453,2.37558598818637,-1.03333347797739,0.877510759761275,0.0353972685483439,-1.65373945470712,-1.35474836545375,-0.358217576072691,-0.491091749824694,0.80266616312194
-0.712283025097871,-0.301479083058175,0.714968556554492,0.421549950734667,-0.264425233258161,1.68821880498207,0.879871135831987,-0.579891322809213,-0.601813286905942,-0.322676858032139,0.667790908290868
0.657695175600558,-0.709070166521271,0.606377121798319,-2.36302850859833,1.3473011751389,0.820714194348634,1.38448600301336,0.212813027207408,1.23011302121005,0.632010647166823,4.314793247219
2.3249857052074,1.41998126902076,0.736225938870656,-1.17892607085819,-0.042835656977699,-0.0600400446591263,-2.12476723315028,1.59553741438518,-1.70532024116967,0.182497102868579,1.75408894877231
0.448759720230125,1.89708444602441,-0.352860390589569,-1.18508341529107,-0.16144582576688,0.300463547809562,1.18884674199371,0.135152676330028,0.0724393361679646,-0.153329796489259,3.8155021719478
-0.374555769861451,1.68360340874896,-0.724006828200412,-0.755530925055178,-0.0165825300892872,0.352895462043223,0.0211765113028362,-1.4504715249785,1.03427494029094,0.812371150283606,2.02119775377685
-0.0582571010239296,0.0790002306992663,-0.035124721813049,1.94122882021538,-0.626427864030541,0.945163111280144,-0.281711224613559,-0.745832761877419,-0.181038446170059,-0.366772333564237,0.264614886077508
0.0393057904591239,0.62607561470414,0.354180350504491,0.227292479929492,0.101415419235566,-0.119886310676584,0.691250637351606,2.03315627334116,-0.441809903293952,-0.897396887247679,3.31151839810407
-0.374555769861451,0.895401975501721,-0.854761611152941,0.205620792640037,-1.45557244097815,0.946647402435981,0.155937114389319,1.15265615237895,0.0328288185447131,0.170904437254135,2.16073117527185
-0.0538069835044346,0.0741694570256404,-1.54736058933918,-0.345252884199789,1.96746188204794,-0.442457609389013,0.3356008637129,1.54857963522796,-0.0742692242184044,-0.112569200104924,2.72248306250471
0.55815927675315,-0.280906858199787,1.59121608892353,0.0965364934245183,-1.59368208840411,-1.24876392881917,0.526116815423152,-0.678066431449478,-0.689381582995702,-1.00956794600999,-0.0678420911427757
0.572756609745788,1.69681699421981,0.0499311954109217,1.57986729912608,-0.0612397452783932,-0.876052131922051,0.821636574784921,1.96769185581502,0.495395375783031,1.25559830060376,8.68387031353226
-0.907989585380512,1.45159430556296,-0.191234622606619,-0.810478156622372,0.460192375035507,0.638757837067043,0.296127840679786,-0.982164695356807,-1.62956332913926,0.945436053876267,0.573550404711197
3.20979701350934,0.16856325137588,-0.831988990812418,-0.542812883327679,0.777448757074474,1.31606106928844,-0.359775466922249,-1.3928706393118,-0.658252565030773,-1.89426834011447,-0.381616230599641
1.25877719323333,1.22181408931406,0.98331118462937,-0.682205144621591,-0.161382901390972,0.675700465167939,0.31131011020798,0.603433657191452,1.95262633252027,-1.5377110855488,7.01100937152049
-0.845474832448129,0.607682760262474,-1.53960599203757,-1.19690838353781,-1.25528919406545,-1.59388453613847,-0.356691646465605,-0.971123159497533,1.29504889862987,-1.988835911004,-5.41521833803447
0.0585493147125761,-0.313807396281246,0.0556482682283322,1.75259171187253,-1.34049228283013,1.33502436105244,0.168917613972698,-1.89193569125083,-0.886136641155614,-0.501100679399343,-2.33731005480806
1.31332644698104,1.04170227450395,0.679113589859295,-0.587886722464866,2.24986950456115,-0.293183990223835,-0.434580186170686,1.32792295893902,0.586791660425526,1.83713952325863,8.11844133851305
1.0209608719202,0.558276708029159,0.9238166500807,-0.814415553253902,1.21698179089164,1.03353912021992,1.67955368018616,-0.442653229184013,-1.32849728045174,-0.695429949545879,3.28863675134108
1.16764538748215,0.345001892138558,1.57935465257696,1.35944535848391,0.225758129177881,0.826809536944988,-0.652746226382455,0.474769178692517,-0.413695682643862,0.92997405053034,6.2979487243538
1.4215827232612,1.09798821581203,1.26814125190356,1.66696717899082,1.38315225679736,-0.290758966597984,-0.622995098544505,0.997819370391295,1.08663285063256,0.607609931451311,9.18447270330533
0.748430995497785,0.336102254324113,-1.09149543888117,1.9607837238084,0.786764247714425,0.130673984150406,-0.911882409365099,-1.82612429825022,2.14023218320199,0.601506641559668,3.90486769682679
0.593685482717983,-0.453092274925682,-0.161592608584125,-1.56415575327333,2.52611487303845,-0.569965056253346,0.724934651324669,-1.3565567445795,0.536602364914308,-0.292522552038385,1.01696498809822
1.96645046851182,-1.26010442860882,-1.52473540263342,0.185703597336107,-0.418042681077581,-0.133186482703105,-0.368380703412023,0.233604648616061,-1.30496720019668,-0.585761635634122,-2.99542649425563
-0.39480879413167,1.34703787985696,1.11709780257196,-1.05781214630058,-1.95316295263438,1.05755988620141,1.35732103646016,-1.51663735110387,0.142225582026884,-0.435848087839153,-1.77749657538843
0.31599387357158,-0.12358873682477,-0.732968936433825,0.679555519626906,0.196705322073365,-1.12636755600447,1.31979197182536,-0.864158480691593,-0.413980139885432,0.12122465688993,1.90281380287814
0.908109552558093,0.128270142977656,-1.60568698288438,0.358718420414085,-0.347223203472921,0.594133263596294,-0.902072988352678,-0.848319186718315,0.351438324407212,1.41311590491572,-1.56305115688021
-0.39480879413167,0.602332953992835,1.11846109619976,-0.649757461774296,-0.550048817680818,0.160129659623569,0.327164033013433,-0.95337253437284,-0.636001952797619,1.54255718247882,2.76347710670074
-0.272124153540412,0.431516227766919,1.3206240495851,0.046422777652855,0.00094071101049677,-0.27589275583007,0.674053658179325,1.67987283504226,-0.348667693796558,-0.702793856701467,4.57135562899501
0.325168126713917,-1.37474442269015,1.02693408807641,0.571194095251985,0.877411749315693,1.13661868985708,0.417582892439314,-0.736320589109493,-0.626294420244327,-0.523194323365137,2.39561785636456
-0.117872109258113,-0.972582758048752,0.812985936017378,-0.633294298590282,0.658068215149799,1.08602160039099,-1.33760595066363,-0.640412461258074,0.163116529223126,0.120498020891535,-1.45853290634236
0.340674955536333,-0.595529633757373,0.361754996662702,0.0126663685831703,-0.248051428013631,0.584012341759294,2.19779724294776,0.459716766109726,1.19919208020751,-1.19494263201711,4.58429310628136
0.761134582521725,-0.106390828147822,-1.56609840717974,1.64896309551462,-3.57759033539579,0.926317850984986,0.458966086661684,-0.726322687653617,-0.524772474735159,0.617528383806014,-0.414381761639783
0.31599387357158,1.35299068951756,1.65404202198092,0.661230449787038,0.143902166584661,-0.33478374732527,-0.0256510732731144,-1.05390947451639,0.836103432398453,-1.04812266655323,4.10563415656183
0.64341518997735,0.57635191487383,-0.20554110128361,0.252376845453979,-0.232461011988157,0.626979689665431,1.35179875034435,0.301602429918147,0.604827985521857,-0.318864087675154,3.02557158301904
1.83858842587846,-0.454315786292003,0.838195720384459,-1.54739488573591,-0.439128470587261,-0.907502197678654,-0.0774235851804937,-0.145674701652964,-0.815403383298788,0.259296415617372,-0.0216077327580291
0.425153304635207,-0.356647516303135,0.716559588623397,0.521040709772701,-0.757221342348203,0.155550971136141,-0.781790351676524,-1.00969295363346,-2.30302950515668,-1.96190144329797,-4.51152487258445
0.887170855698445,0.41113818951988,-1.6161914851636,-0.752640324924376,0.727533737337661,0.869096568614545,-0.619069403586917,0.0548432980072385,-0.172201464496882,-1.29434294265634,0.444784487888804
0.459449121872988,0.725162391952658,0.409745104775035,-1.62121154859864,0.612775248093283,-0.34785720327296,0.250776222560686,-0.204268480828963,0.166009256055677,1.05526198759652,2.72071701034244
1.04911580263297,0.788943495996493,-0.639212853064648,-1.10579418973688,0.747378893562437,-1.75497018129771,0.531889385450996,-1.65080335843023,-0.135957436214705,0.77740007409795,-0.49841106117648
-1.08600035439683,0.893084962811671,0.0216869260967222,-1.69077051965633,1.25391565070407,-1.64309082309781,-0.400045277029497,-1.78845835603897,0.706179591006175,-0.259721963628512,-1.76345723550457
-0.0929687677341548,0.0272423810928115,0.440928437916875,0.654113749444632,-0.533942080792658,-0.700345181120629,-0.200325711262676,-0.453707069256986,0.106486279459336,-0.926168277858013,1.18567116539877
-0.473933955476892,-0.981031177247504,0.817310382951432,-0.754363924574623,-1.64678290045939,0.574328063588774,0.390195914128124,-0.108656990133123,-0.51759647769614,0.747026036437051,-2.72221089742208
0.488340623150211,1.37827161201246,-0.695870545185145,1.09710587956729,-0.373829998255608,1.05668931467766,0.666648426101662,1.16589206316677,0.0699671121847894,-0.194220821778246,5.90196940193765
1.7529496876152,-0.297653861243881,0.665760048397917,0.513131069104815,0.0868697477290118,2.99519089726818,0.265223320683986,0.320291461742647,-1.88492407267518,-0.0611377035845738,7.0688478569629
-0.0582571010239296,1.16593869046619,0.587489247289037,1.60078526731742,0.70672078443316,-0.380209685826288,0.542398765534315,0.00671676349533208,0.677121868492762,0.744173097574565,5.24281121007714
-0.164481796522173,-1.3361875628599,-0.415762188306786,0.9730655199783,0.354790667648696,0.437629300492506,0.268039184547152,-0.886346085791751,-0.0520981897440594,-0.262281625566812,-0.16615191957419
-0.765624570601037,2.70680025253146,0.421271043873397,0.925995575732968,0.819297635703005,-0.825152531420125,0.114221170823265,-1.36076733345391,0.461622889571706,0.484708979475264,2.64433151880775
0.726252177074803,0.183732103581535,0.602239004470521,-0.281274060257439,0.59086072499671,-0.126955466058464,0.648230321732513,1.11527425370645,0.171291071169533,-2.23985049078874,3.05176066641706
0.12767659807563,-0.00712739145194478,-2.33108344642036,-0.022482651501721,0.402579157107872,-1.31409498002001,0.102042803935943,-0.345873162727791,-1.29717670411109,-0.580985912953661,-5.31069918208693
-0.523515598006504,0.400483787840103,0.714177018998994,0.132266923892297,0.249917711276932,-0.205493613929491,0.585006799530696,-0.612454669612535,-0.390816394071596,-0.69052826629961,1.82015485473953
1.02175301799487,0.230721523640511,1.49530169521745,-1.88284118832526,-0.597299693099768,0.900778468410182,0.461478619130791,0.651558378198207,-2.02453545440884,0.0595182569137539,3.02188286532323
0.0917447158599331,-0.257063019001797,-0.752324673657836,0.693018281389477,-2.23745917059519,0.252588659003766,0.199390633206671,0.914683185146377,-0.746624036449678,-0.95808299998117,-2.53226123498047
-0.195339261208692,-0.697139533481068,-0.138407859321667,0.550278678441172,1.13308617683534,1.37260710809565,1.8190571689013,-2.4319210121143,1.02788521763851,-1.14233068700331,1.9254945710341
-0.0254087181532103,-0.0902112501328911,0.059120253218571,0.172073434834596,-0.659728519449758,0.0510140452574223,1.43374098025812,-1.45510333353217,-0.486460555519831,-1.10233939332451,-2.49714767261768
-0.488787451743998,0.782699800979185,-0.199013771344525,1.37820043098778,1.19847248906555,-1.48926389620134,0.739382468986077,1.102916168799,1.30356766389539,-0.289983398065216,5.55934632027394
1.279320039323,-0.800545251511932,-1.96154627139155,2.038096923187,-0.45434818313135,0.781612915128683,-0.248037692976142,-0.851844045327739,-1.6974900117759,-1.80058636251397,-2.40648564619405
-0.0778037752319597,0.00171118633011296,-0.820338826183665,-0.0505805437254842,0.688329911198127,1.52864769912949,0.548174969873165,0.550229190253824,0.218632527632446,-1.93925768531304,0.777398229675408
0.252469503711057,-1.26394500492875,-1.3033200853694,0.43610697895385,-2.29749850443128,-0.933737309654037,-1.13981868514811,-1.37504676194504,-0.68841626162107,-0.992503149803761,-4.22699364693477
-0.264054379711794,1.28131015923396,0.210626995071957,0.870877695029824,-0.0684631279126796,-0.80949130017138,0.700790986449132,0.162121396825439,1.13258123092995,0.968306483742766,5.52993300520864
0.55815927675315,0.359221962792271,0.0485125038723776,0.48515184727674,0.151778814583333,0.426284527039498,-0.284521841382596,1.32377151676893,-0.590275812658118,0.0502961242986351,4.15461051383628
-0.457007888682404,-0.243074498485413,1.08264391612097,-3.13882092622732,0.663302252602658,-1.08017867251028,-0.259766645548256,0.353124325531381,-1.17013516386468,0.591980111214769,-3.29046304892133
0.620840792443447,-0.304228351538654,-1.58046000671507,1.64267205655118,0.161618708711689,-0.179190654783859,0.0924885204848052,-1.06404691770962,-2.34523161621698,-0.134697188941167,-2.8603549348879
-0.139805559934769,0.375346791244428,-1.81744122061784,1.2081978798455,-0.185699201431987,0.358760113290342,2.02374577014147,0.106417489113727,0.953608920768345,0.354429959448095,4.74831462369747
-0.194901578963826,-0.306228057926927,-0.883605267989989,-1.62498422394035,-0.322457186522073,0.54431896127482,1.23763087032943,0.112944070410505,-0.422803939304533,0.0864572358817738,-0.590156402803247
-0.460116577723741,0.0501826942016414,-0.601104531251654,0.412622572525778,0.831579920586303,1.56424546116432,0.221918808967144,1.73234558774813,2.16379520417883,-0.255279677965166,7.50933799166117
-0.235744982751662,0.855456500308535,1.26073920373677,-2.43346454481437,0.527470376874062,-0.599037498153359,-0.813138026228708,0.0504831612737009,-0.427099183699196,-1.30283573569747,-0.904920316100553
0.403465084968966,-0.755387036104865,1.11121953838427,-0.295724595346857,-0.425074567351843,-0.250758485592125,-0.111765773030502,-0.0261290335655257,-0.0454755534949189,1.54720099555215,2.92741264748779
1.42053475874085,2.42438178375458,-1.54384155707034,-0.462788548770985,0.222115243913215,-0.931703287968695,0.747234031058859,0.304292395219158,0.118403356443587,0.333655118641631,2.74562232120013
0.353637643495982,-0.476663346986116,-0.0461182528062069,-0.994441342779356,-2.4019228907319,-1.09636772200037,0.335853951687943,-1.10512897060639,1.31829698760266,0.139621782455518,-3.15695781284064
0.511653581633817,0.740181827705975,-2.50510791150125,0.881786860079737,-0.0772073166457929,0.257545291036128,1.22282213634758,-1.42369140963144,-0.875178801559794,-0.044708857704335,-0.255958145488426
0.754708907284235,-1.16796534462248,0.482773242684734,-1.50560250640213,0.372962520706424,1.33891563707956,-0.452358448184984,0.677733273650818,0.526870436061211,-1.68091585671222,0.0294295892499525
2.06496341751225,-1.1565526193429,0.331303999974909,-0.305003278143335,0.565595286990753,0.824119530142107,-0.124496896371093,-0.047252568653529,0.837512301740948,-0.208625812139665,3.94722451376887
0.733605950680052,-0.486407727213475,-0.527522796066418,2.25179680315823,-0.53744711958097,1.11632376732508,-0.17259321631483,-0.0434082883554624,-0.46117299801194,-1.35577642705173,2.2627361380136
0.206460709041441,2.38725775484151,-0.292795700121877,-0.696135856257885,0.697183092786863,-0.263285733551851,1.18438622021033,0.391978684431913,-1.53831288203727,-1.92070099442209,1.91886271736443
0.399913498874001,0.175077957436138,1.08828928790566,1.37470277733319,0.671079511458903,-1.33625332076049,-1.361864876486,0.459879595731389,-1.65521637704478,-0.319202688040838,0.95929914711491
-0.443559272114023,1.19395976828715,0.571351492075038,-0.684571411769678,0.179937876872185,0.739177283159765,0.303650990813864,-0.145886629741079,1.78199449869475,-1.08911770001754,5.11793710268678
0.142205335348229,-1.54847202098844,-0.0146100887083905,-1.39801541998831,0.0720880882409379,-1.79499689533538,-0.590354915475058,0.614162556116144,0.1894402877465,0.327210900339904,-0.945392652142714
0.0614365813628418,1.35540615241481,0.17223595040413,-0.32524376309123,-0.992601062691766,-0.424311278455521,0.418884262953274,0.803021040566945,0.743902070919758,1.03362574182884,3.62617746714946
-1.71866194144058,1.13301502867333,-1.95196977026042,1.38441259630268,-0.289400530341291,0.722405391948355,-1.32641319771794,-1.13386745399595,-0.493666868040944,-1.36598909854069,-4.50171389927312
0.31599387357158,0.124852185854318,0.901041030029442,0.507756367587028,1.22769705769284,0.325563260392383,0.421572213344393,-0.40865626349878,-0.196002012241384,0.317885642614752,4.87685395172986
0.403465084968966,-0.208385446222208,-0.445994143196104,-0.854091374988909,-1.97358130054132,-1.0551504325376,0.619732925110603,-1.02148367660526,-0.217254699901815,-0.837240003169241,-2.24620413613865
-0.37695201821223,0.067302511163543,0.156815714124509,-1.9272568093249,-0.550684338975344,-0.105251013696532,1.5220521246154,0.036332118205965,0.468980756926683,1.00869017477701,2.89268677768024
0.726252177074803,-0.542831625486918,-1.0854590529435,-1.25098759630557,0.277216429062269,-0.654989777789632,-0.480868498338897,0.019138211675594,-0.43094477694723,-1.08805079758892,-2.79356234798158
-0.663444799417072,1.71895693907883,0.853110678556363,1.04398412191522,0.14724091439932,0.973462584894642,-0.674554851449981,1.03060149166697,-1.2608813714207,-0.155415724239958,5.41981882732826
0.417057382956022,1.22954538636486,0.102136054395419,0.0266102678906813,1.15617507960242,-1.08330973478589,-1.10561464694047,-1.41500041165246,0.4376509056104,0.392146591630652,0.812308966822852
-0.254934360485939,-0.266633803844736,-2.78906316343682,0.365212053033125,-0.393828392240479,0.273307671938193,0.785121837038353,-0.782629299012558,-1.63930015758056,0.0685472602039567,-2.42860746303933
0.0643170390162661,0.72528876710653,0.0751175018731466,-0.825428952244951,1.87531608708547,1.63633126088365,-0.377079212085747,0.513453141435385,-0.718342076792121,0.569683584795666,3.82643056406666
-0.272124153540412,0.990477075451064,-0.0817769738843564,0.199471321982281,0.272527065660144,-0.594228617695848,0.192950638136688,-0.540926115347828,-1.18860991978198,-1.06495965733277,0.841980860660921
1.08730666661447,0.904053159813513,0.731183567954084,0.726606461892162,2.00893499715071,1.00492574788987,-0.293419986567978,-1.17188449726356,1.54883654261237,-0.225354475737809,5.86934118797023
1.5704126767482,-0.0262353460408769,-0.166669858751117,0.666610948618333,0.63073266778021,-0.00286472664607049,0.220154366494481,0.898382821283244,-1.4698392312599,0.235641211779599,3.21799939000144
-0.7240006703928,0.56474592220048,-1.55592255469149,-1.79876377148725,-0.355046431757031,1.31653682022705,-1.74432308610352,-2.28294286166071,-0.469911544821206,-1.22618355070347,-7.90845898906911
0.199507946849225,1.32519023256138,-0.450460067403563,-1.50306244646783,1.2065690606509,-0.302279311481451,-0.358399724217263,1.4820680770309,0.655178359551887,1.92072281174522,5.60071666406095
-0.715969269937379,-0.381363065123946,1.05939746040382,-0.545104508538655,-0.700149733897997,-0.705669696892498,-0.112174388647568,-1.64839416726593,-0.739144402216074,-1.52663573067813,-2.36989693617207
0.0367148688033308,-0.0558315433034222,1.47690253056253,0.47053841235599,0.285550434952155,0.625864135859479,0.255902225721716,1.9594411683459,1.15726767138028,0.70864723134458,8.31958422135983
0.830794079284095,0.940167509055428,-1.00783030524367,-3.13352102703486,0.290397244909525,0.861791925026316,-1.48840216449173,-0.166944069939436,0.39804344900413,0.345425614861424,-0.054516170809199
0.283096849226738,0.176180343993983,-1.38744536630763,-0.661525425209439,-0.677312069383754,-1.35047285458306,1.29917875242058,1.87254967763692,0.672385683311498,1.17790932708743,-0.0291476402718063
0.547374342699645,0.589300160043074,-0.74978524593669,1.19187604204799,-0.822952685561165,-1.07171269997617,0.929583514118644,0.903488613658152,1.46688900914474,1.03302710711291,4.55947600996345
0.321966432027649,0.00565679327464096,-0.727648393016896,1.2297269287881,-0.491782281695053,0.519204793205293,-0.936513330678988,-0.42127755141084,1.42663330729783,-1.05200501223163,-0.451367592275588
0.754708907284235,1.08906809326042,0.943823289466038,-0.382685886315772,0.883140873627179,0.25669810482695,-1.34459640549681,0.512916300887813,-0.982715471975517,-1.31667799702707,1.27439491450263
2.86619856565478,-0.220427035242859,0.966366029179254,-1.15473073240789,0.0799339988335546,1.51833594655068,-0.194978670612243,-0.391719533095688,-2.12926419222131,1.37299266886733,3.8527759830336
-0.430851662807213,0.498290125627118,0.722878145959702,-0.602167861621852,0.500562582705853,-0.0850636922188069,2.30166958741584,-0.913837172220958,-0.12362630360145,-1.08038210720702,1.43165910025909
-0.734555268539954,0.675246886839435,0.720454868268893,0.190500535400581,-0.803846239451378,0.91362415898477,-0.314875410080679,-0.497665879205112,-0.0315281354985727,-0.136195797489847,1.97703460728695
-2.32409861745197,0.00826384260197108,-0.885847588549483,-1.07912591251351,0.190919771203581,-0.0754307654727595,-0.150650786303707,-1.04899341299204,-1.19860913679984,-0.63104110148045,-7.19755307525187
-0.497269957073159,0.727458550419094,-0.277581741559393,-0.541725254432428,0.773515908916566,-0.594018761105055,-1.75347710530149,-0.164134999451065,0.404941638108808,-1.70933976525514,-2.83862576009965
0.926083568529857,-2.1248749787081,-0.0808630091662849,-1.74772468814941,-2.28035622757574,-0.0600980016861398,-0.583870468259372,-2.1160609643989,-0.388497499299132,0.810165017919777,-7.85651977591548
0.365444156542136,0.20789945507043,1.67537750523061,0.796547161340009,-1.0930758080865,-0.274150172100746,-0.177572693403923,2.35321391926918,0.151066345378749,-1.70881584047875,2.20991713511861
0.473839825672682,-1.54603464340444,-0.337991171266272,-0.0857453599867466,-1.41330162990644,0.117453485797425,-0.848327271616178,-0.457000234338912,1.83055704863493,-0.366589150670206,-0.80364293043004
0.206460709041441,-0.493969756445455,0.822589875324495,-0.758660010556134,-0.529921221401889,0.352367781277521,0.216960989827956,-0.178479728812987,0.796244032562032,1.00036165791582,5.2013726050668
-0.678876105196109,-0.412639867650398,1.36873624493255,0.384382504403446,-0.665915551505897,0.404172214956674,1.18025031917002,0.104663004763695,0.644683589155763,-0.644896209818921,2.31626707820412
-0.568407977676029,1.20000864189717,2.29836116331747,-2.2629456418539,1.26460450152133,0.616510120056196,-0.165410986532464,1.30497072755063,-0.229329403903374,1.6174593074333,6.26127416215094
-0.0166589902752914,-2.60409383809952,0.59839488903452,-1.33713357305556,-1.32526223805889,1.93341433061133,-0.40406593129256,2.144289755738,-0.865636084145321,0.643886327871398,1.33934525976513
-0.761080415563938,1.28216581908118,-0.0937144472463082,0.0980592595775326,-0.103236208235094,-0.319099203060422,1.01549919581661,1.13780643204854,0.899102620018211,0.0307532608331418,5.28673189604315
-0.637941008092943,-0.124451722528142,-0.201294651528823,-0.154840453311141,-0.440654856597586,-1.2367075871459,1.1044928819083,0.589722922104107,-1.58967301568496,1.96246483135397,0.73268085276181
1.19484470529844,-0.0740859944994703,1.43055624438368,0.659678631721261,-1.08553764920136,-0.478486083735116,-0.799528367175947,1.98344739287639,-0.835031048219873,-1.21376384363543,0.0485130684396942
-0.0254087181532103,-1.34195224875403,-2.05509291984036,1.34741367346515,-1.0999783538862,1.78870562320317,0.7260440748496,1.40112881384422,-2.00425129519476,-0.956274588319247,-0.998864574657361
0.585738682480962,-1.83714894371155,0.402751683986158,-1.48936093018528,-0.0218323417210556,-0.260924888453828,-0.924813774849458,0.742053589031898,-1.80699481008098,1.32625417798251,-4.25413374385483
0.64371064099866,-0.899819437502683,-1.09044859798406,-2.51623661250658,-0.427741263052413,0.508456626971281,-0.278693709900788,-0.820032514669549,0.591937911979768,-0.517622305644361,-3.96951354947282
-0.209442486916946,1.27810269634176,0.291245551388682,-0.426878928260181,0.225814436941811,-1.29221355489839,-0.857118934826714,-1.4960911123287,1.06650922711709,-1.01238454958078,-0.836337468704992
0.0546018982669752,-0.99319153081733,1.2121948484082,-0.686332861522832,1.59978181503019,-0.496071148025007,1.37335518912052,0.00657427271401975,1.72714149555836,1.95619516350077,5.90662295761963
0.546929153136563,-1.37501278973489,0.749661447940453,-1.77936511418861,-0.546755284641428,2.12201270917902,1.63044503882906,0.361647404333319,1.46073164896764,0.483819319418874,3.79118172568442
-0.881949406334932,-0.15669192340204,0.0950902326741525,-0.635727981852815,0.314235861427453,0.241891953836881,-0.990874358864684,-2.0793424769827,-0.349907621312305,0.754494585188923,-0.454876741794047
1.08496769491415,1.00982178015879,-0.605868667522032,1.17643811887379,-0.211596293819828,-0.0695079906234263,0.481570359825004,0.343233491722872,0.259317399822006,-0.107697010117185,5.1322418953528
-0.627392307553694,1.10914355459689,0.864659429050861,-1.93216193495364,1.14998602625128,1.14046830634452,1.65226239366562,1.86817313423107,-0.210693069077329,0.307462430285936,5.20882122229015
0.632418296560392,-1.41468100090426,-1.00180390024047,-1.63763839895789,0.952553526727413,-0.178940116984169,0.171966273675279,0.502389337759633,1.56208941732344,-0.100361281258245,0.897326656335901
-0.881949406334932,-2.77572458391763,-0.126106026270551,-0.301069194923112,-2.01353949037566,-0.693707388493588,0.486717019928347,0.497862428393818,-0.546049543938306,-1.55046604014839,-7.42243091160277
1.38619599831902,-0.233714913877924,-0.523807778804312,-0.574735156856867,1.38654088621844,-0.789089870313252,1.39097393774497,-0.133918568992017,0.243055963259135,-1.52660202287966,2.26362604826736
0.305663140507342,1.47741527241786,-0.749718573328049,-0.265838262508509,-0.141690517036698,0.890659834301423,-0.4484580330862,-1.29630855485306,-1.41946309045189,-0.640306408498916,0.550480295580252
0.992212228298993,0.3710479055635,-2.11060942828633,-0.967377192533159,0.180836814505785,0.930645753108573,1.16536529492681,-0.751379865893458,-0.400701234851311,0.892785476325251,0.835048108564393
-0.0183762677623912,-0.397391474623288,0.163320688819247,-1.51458335965545,1.01489955273827,1.68870400688023,-1.67673093649644,-0.244770621138664,0.406658514393456,-0.529149238803001,-1.34818739418848
0.797484660802473,-0.597362469947359,-0.126791998097282,-1.07733031445326,-1.58633041138083,-0.0945266942474784,0.537434782865511,-0.298028633401114,1.96837197849384,0.111053291837058,-1.31487016966972
-1.71866194144058,0.0945701829681212,2.25611184853868,-0.342632886541503,0.116815111255534,0.358389450428218,0.887410218929204,0.4285322060944,0.788818412101224,1.37449701389075,5.73548476622511
-0.164481796522173,1.26520221289103,0.33475552063091,-0.0257759307928654,0.857372516664145,0.593541936595295,2.24631256184465,0.908746562489557,0.563407266853895,0.161412972119482,8.27363445860441
-1.13546915022144,1.1809787727694,1.95214316621237,0.0857243471543318,-1.28196960603832,1.43708431944734,2.15159016523786,-0.396869718517891,0.400014989942635,-1.06831576633053,3.73637285005769
1.31370171767442,0.179439557234197,-1.94739389023449,-1.45481658048881,-0.160338314650261,-0.557751903591168,-0.69466143556819,-0.171803815194892,-1.18210156991095,0.510482430197451,-4.12503073280159
-0.0778037752319597,2.18937404022228,-1.36865079095434,1.54139037709827,0.00661672482732049,-0.611848662948396,-0.343822773618329,-0.0647288327518386,1.01383319934272,1.17297895416009,3.70327562470163
0.144166384006307,1.1965980028787,-0.564036794936981,0.0242066893226658,-1.35606567509738,-0.957412523459002,0.22389214364845,-0.3963801627667,-0.988009479282279,0.629323922030678,-0.247238796487199
-1.57597365727034,0.106473555849969,-1.77893829392541,0.758228962921459,-0.753903703727248,0.354299731220138,1.0530406743099,0.208583360239344,0.301629187382873,-0.045836264161093,0.502937716024203
1.31941059356842,-0.970979015370168,-1.02223689031985,-0.60368390768743,-2.02101302674774,0.585585202790842,-0.604978291572053,-0.164963170571464,-2.23171119231753,-0.812660109948677,-4.87830628106504
-1.43131448586125,-0.764737591483944,-1.24110360958765,0.022598165939232,-0.474459993236685,0.310606078907384,-1.11100772880469,0.0139004045835305,-1.56685112657115,-0.309816889690323,-5.24728495182867
1.7529496876152,0.243708303830453,0.997296562487348,0.898420346517734,1.87764196238953,0.897059821091351,-1.26288013871571,1.81419730945101,-2.86278394391956,-0.681457331534392,3.39280024184068
-1.81840791173219,0.272442127180776,-0.717746588707052,-0.18161956333031,-0.101324097104519,-0.564675137990991,1.41085896166824,1.01855563461817,-1.3444775005023,-1.15180091170523,-2.193374019434
-0.616057658031037,-0.593005836494649,-1.11914123192206,0.358520804954294,0.393474374427869,0.21115619473098,-0.870511434260589,-0.00722398338978751,0.663061797702261,0.921628969891612,-1.36174993005412
-1.22044521831079,0.406575351054653,0.425676874546216,-0.273266250979033,0.514445959728013,-0.656121475382437,1.53562686807451,1.29065282435435,-1.08121999647053,-0.575656882321736,1.26505673435784
-0.288796476635402,-0.125500852550506,-0.315251197090084,-0.319463902101296,-0.0333566227283245,0.393815511896941,-1.14470224082952,0.0483731302956833,0.214748215779499,-0.360817050094043,-0.817391425444356
-0.374555769861451,-0.650454513552512,-0.987051407828035,1.41191860180851,-0.616246381811577,-1.07073621289977,-1.40040485818075,-1.25190401349697,-2.28735838943764,-0.443317850497224,-6.2084749043606
-0.317319295440809,0.468751970109534,-1.9406806268254,1.405109819709,-1.82191253966031,-1.53206417427176,-0.652639954125166,-1.5811269344016,-0.551847098420423,0.5743495709676,-6.90800166814366
-1.55815172400415,-0.233054319529293,-0.523472281830088,-0.206733295247217,2.25437364241086,-0.51977468272621,-1.17234926518846,1.26515340010374,1.02019296784357,-1.14474850012552,2.15084142826951
-0.573335736796082,0.721579243860605,-0.430003382727641,0.369318509544033,-0.672132820234874,-0.153598371086616,-0.269202831285726,-2.31133275612908,-0.986747000588138,0.781418191055536,-2.44147207064535
0.252469503711057,-0.505560701715864,0.593943761076806,-1.56056861120139,0.201800802113129,-0.110557100290919,-0.739927297851619,-0.601263441834805,-2.98486780976112,0.120969158273539,-4.0522224882956
-0.128513999961203,-0.494390101608268,0.350297140643434,2.33297238322087,-0.00508530631962281,-1.73434904042408,0.121568531309392,1.28925657726768,-0.143493689702443,-1.29494146651228,-0.673693289085791
-1.43131448586125,-0.954358369685736,-0.367248768843787,0.671423517226107,-0.152478251632912,-0.299403619133273,1.78624092048487,-0.697640275061224,-1.70487816428086,1.01198673557404,-2.09200948937574
-0.15826173248354,-1.28812944859388,0.69086473985584,0.349953674918808,-0.0623477869769665,0.272065728901282,0.292799299315961,-0.869835213386103,-0.853037127898322,-0.595127546624506,0.459631730801883
1.12213853266588,-0.00631260207729032,-1.21674705789912,-2.18224002519373,0.546169735294884,-0.552779794597148,-0.475717904668351,0.0650198627978887,0.474137810024417,1.33513388116652,0.450229290209031
1.62396312004001,0.316733928829131,0.916664261789477,-0.513954731364324,-0.0842858283760801,0.0736278503815018,-0.100485894770402,-0.51191496475137,0.168511158921966,-0.165645668630952,3.69406047219405
-0.820784559484682,-0.0860595609032813,1.66683523254553,1.01617328094366,-1.0709516789906,-1.18130110134646,-0.0855062800433831,-1.80877868316248,-0.360691087016731,-0.690778056696466,-0.802031496894986
-0.921803529512536,0.471639928016699,1.09960180264224,-2.42897258657221,0.809084754006478,-0.613787027232634,0.147436055107276,0.372410899367255,1.60175485433728,-1.76334799912095,-1.69882524956256
0.632418296560392,-0.965352097217125,-1.32188121753799,0.134473328038577,-2.69610431038534,-0.027384754429322,0.987549770511736,-0.844559206668775,0.0223521728640794,-0.290064141698659,-3.10823927904812
-1.79772133636802,2.63674549381234,0.323615086212282,-0.418463943294771,1.32691595462415,-1.47656283294631,0.655462768476224,1.33494923308883,0.338247624210169,0.831130638243412,3.54428905761159
1.79911769050281,1.32304322701171,-1.03385059705929,-0.0239230040437688,0.581363368347554,-0.797281737512855,-0.530585905509742,0.36990704855388,-0.155625201003178,0.458488474859057,2.39969161841376
0.0732233952272002,0.0968376563884103,-2.0152752199002,0.623391872323028,0.497043534675361,-0.295983010653111,-0.56441793312616,-0.358612765143684,0.944742824124988,-1.32974425114067,-0.213422717345354
0.401395430091021,-0.306670014506285,1.26860904125516,-0.149126822341551,0.482286659757157,0.0655030208605229,-0.699943659526741,0.192307087955659,0.533963049835866,0.636202645438602,1.9396538629141
0.00392485001875357,-0.843597226003867,3.38069250155286,-0.942399115144275,0.950416916983926,1.24006220673038,1.04645761437577,-0.341960976620668,0.602599073204731,-2.64273564005683,3.08130494805398
0.697368583425134,-0.821031673858185,0.83050463703545,1.47219918449749,-2.02712234325657,0.10377939593847,0.199404215242812,2.00360683140572,1.26250287838488,-1.60031219818805,2.09086792240025
0.549541303423417,1.37185859572023,0.751007193167067,-0.292528605802345,-0.0178754903660588,0.392929983830801,0.643190637869118,0.861625854781106,0.67690240475634,0.512345126799897,4.88833059146215
0.56436616673833,-0.89793289617981,-0.327859728391817,0.0351498820213036,-0.296831079235705,1.0919738400174,0.646176851014448,1.37981726302192,1.32249287163793,-0.0849472383925211,4.20036536181783
-0.317319295440809,-0.369744412161363,-0.398935927767361,-1.72911401485858,0.00187379571989843,-1.23936125884016,1.07019423087817,-0.9277563612684,1.15797712916289,0.0520598428668965,-2.36942564016298
0.325168126713917,0.224398733927205,-0.290099459847547,1.17631927516266,0.0272275411066962,-0.431794603857166,-0.0111936543230766,0.440684593316255,0.540309315834029,-0.237226340101307,0.777475586882129
1.5704126767482,-0.119548082749514,-0.881573909012584,0.507052188733826,-0.807874086043527,0.268308477886459,-0.373479469938023,0.728712495648617,-1.44108247248873,0.459229577517654,0.707198013585245
0.970392535986321,-0.174536962840428,1.35311415817382,1.3552892396006,-0.238464556035517,-0.171889726388093,-0.0621320826889593,0.220719228496826,0.736549639266244,-0.42782913617002,3.66525940048331
-0.720974778379052,0.125932103788689,1.39528549404042,0.373376514399394,-1.22275373985973,2.07315768349125,0.0410587629439198,0.694996302120243,-1.9485888489983,0.0887169156251322,2.62819157441398
-0.484521202892995,1.16594255080651,0.546005215996516,-0.13409623392934,0.0895502470914549,-0.233624276988496,0.580940166513263,0.0812963284928289,0.937491619665821,-1.04188854781549,4.04302891081846
2.3249857052074,-0.754574994238703,-0.0759318484411476,-0.60821662095011,-0.313288598910903,1.51366474536277,-0.371251275434358,0.676380451115472,0.163492800953787,1.40809739623464,6.42606342670117
0.546929153136563,-1.5092950429877,-0.0334194751980057,-0.385509900193389,1.00317502709662,-0.142677005851747,1.39486207535791,-0.452952974753931,0.84812191010904,-0.120397888686385,1.43472198007421
-0.476312885113192,-0.67605680017557,0.854708912791445,0.320499616162363,1.41130734735539,0.749192147786081,0.256122173906106,-0.36188630336925,0.597864700258584,-0.487681785353904,3.71329683828286
0.377837203278412,-0.943820293221016,1.23435582749363,-1.58979438275618,-1.08788396320045,-0.634387561297538,-1.01013599030535,-0.56050990707977,0.985404587963572,1.33702268988631,-0.63235618464168
0.353637643495982,0.600451422399728,1.268401683536,-1.23931893524993,-0.720162260771874,0.651684534579582,0.0128343093757285,-0.498996763400707,0.654544897556094,2.36439515516979,6.27078789850625
0.0391537840851873,0.415140902699755,0.789640761192112,-0.887182847196614,-0.0492607425385097,0.803742980064306,-0.519275797135549,0.70558912255252,0.81426556031434,0.865917894322258,4.30874361773106
0.00742017786619572,-0.873698772297892,-0.409385559472509,-1.73682578055261,-0.707576849294781,-0.719847641388597,-0.2030459907505,-0.0362555806994488,0.797137579287049,-0.684515332356354,-3.19643608233057
-0.368508534196281,-0.217829751475078,1.18147293132925,0.640082306004029,0.398929366253525,0.54635350373261,2.01031694326044,0.0733722576294035,0.0679801925584222,-0.939074640735741,4.10360029325677
0.725552239486223,0.0133523779517275,-0.678906907842803,-0.497051854370739,-1.81337008703344,-1.49328064173948,1.82814869567006,-1.08151445284236,0.238431012699162,-0.242534794495534,-2.49826001198378
-1.22716845467025,1.78614066851829,0.599362838222697,-0.855250050978575,2.32649611100602,-0.725819472025725,-1.34349285672417,-0.799008550101388,0.926228863670268,1.96108403547322,3.858700381394
0.253737831411145,-0.282795508999576,-1.18955776153508,1.2879217140432,-0.592429263648534,1.3709055433635,-0.384972641819282,1.04705205548512,-1.25475821442994,0.220088174500444,0.027783788811613
-1.72406433466042,2.01857027233053,1.19802952988533,-0.932988886190601,1.21572624597195,-1.00854326529881,1.03926664439207,-0.481971123831115,0.0152802783020089,1.27151541953028,4.46610826792886
0.0995119993228184,-0.51206055551974,-1.73299073198124,-0.0829767521055295,1.83108496895509,-0.673750065292451,2.68600816925644,-0.883352658728637,1.61083595600422,1.35111148915789,5.80658626334094
0.433369350344068,-1.14752798081337,0.218670315157768,-0.365679605018601,-0.814401607608172,1.4079327901708,-1.23455170499436,1.05656063527781,1.31285054358518,-0.136628874686499,-1.00379284294697
-1.87132857272776,0.551513856285538,0.911416263293821,-0.314113824220131,0.25365239179554,0.342835706512786,0.589150657139884,1.37391690051759,0.463080320536559,0.22277014327557,4.63390377007056
0.893459078455699,-1.29008748154409,-0.412277999417028,-1.24921711167819,-1.52380811659091,-1.27784727638808,0.280591229323068,0.913089464310998,0.540930741737043,-2.08120708663371,-2.20103145403208
0.425171325428818,0.333960342115197,-2.23902290521312,0.198649175008025,0.266067377190494,-0.299185981325135,0.810356425957464,0.290858570024333,0.429421902131208,0.0697093735832507,2.15900356011774
-0.734555268539954,1.78986909836521,0.609380666909276,1.1135283194799,-0.943408277599747,-0.204791942819834,0.258832430044612,-0.690220993061568,2.44825475235038,0.761348213515195,5.07050249427219
0.179090016148476,2.51588823876336,0.452450377275325,-0.282929634708517,0.241799555310094,0.102375515034695,-0.851794243286195,1.23196653577564,-0.412195759823436,-0.491903217659554,1.54322951202016
-0.715969269937379,-0.69544781920526,0.078419737345832,-0.351758745205141,-0.514062696545438,-1.14828821987643,0.588592689367293,0.269739472011807,-0.478005155725361,0.829589051697227,0.922946293285419
0.572756609745788,-0.477553995310401,-0.468416584957008,-0.547561394244642,-1.75331149506075,1.03404141744893,-0.124593876060761,0.498562635640676,-0.133004596591383,-0.408208686900414,-2.22217201685917
-0.556022683229268,-1.01871536369316,-0.379562794403426,-1.42244324291656,-0.64920860027618,1.50619943913903,1.71795988143271,-0.604132196318612,-1.33424855160477,-0.251338134168439,-0.758855419585697
0.158603491473167,0.916150515373512,1.32998164504749,0.682632467140898,0.816601259392771,-0.767494539896673,0.0186116488203663,0.655788150715185,-0.391323351292689,0.22645404142684,4.85357233628875
-0.272813747807398,-0.638881753241711,-1.0017584765118,-1.24323332437941,0.934234017084453,-0.203957388608181,0.596303503856039,0.636893323098666,0.186800984658535,1.43173090961066,2.34929004450515
-0.642944175341921,0.322514873755285,0.452098612662737,0.329434725268649,1.60562604115705,0.281419856606515,1.46370128024424,0.0835465363495017,-0.942166997041285,-1.89319682909682,2.58099995933725
0.546929153136563,0.0842476453716837,-0.407971404284473,-0.281137388649105,0.134945023542623,1.52399605389913,0.812967901536376,-0.306680026651794,-2.12696828307535,-0.796412573419896,0.00951399940058698
-2.00747569829628,0.280195784579372,-0.658110556915842,0.926967124306617,0.186385982481289,-1.9852314979115,-0.183386631625565,-0.975132510066347,1.1229911467864,0.957806867674797,-0.330696636049003
-0.712283025097871,0.738463797875485,-0.282807024771403,0.137695001892259,-0.104479154274857,0.607464883268291,0.734785239279409,-0.50864115618121,1.521853029957,-0.797405094804676,0.791629788101393
0.321966432027649,-1.31221369233456,0.50494071571697,-0.310148096613207,-0.31936765551577,-0.815182012776536,0.543935844122867,0.711617531837757,-1.06857167200532,-1.3556095471116,-0.877589719251971
-0.164481796522173,-2.30924189125945,0.380059751551297,-0.343414545762855,0.385661671887998,1.2791497793607,-2.17784231564176,-0.849024856854434,-0.952336414014688,0.313926864456972,-5.01439151675188
1.7529496876152,-1.01813840624808,0.768783436223929,0.846176703253814,-0.812385726243175,-1.00166328914481,0.275970707604083,1.01444989126494,-0.747675537601461,-0.0635953103331296,0.968367756363202
1.04911580263297,1.22696833828459,-0.570359867574916,-1.05590734767778,0.525935051527815,2.33100607396684,1.06802560795756,1.2435951939026,-0.429276134622577,1.35424526029107,7.44223887571739
0.205237599708315,1.2114488987055,1.26357157886548,-0.0256803627058467,0.665819506762857,-1.24077319508804,2.05655206185565,1.09234415203384,-1.20707054819597,-0.110855071942679,5.0699031514712
-0.563777872262019,0.39688391540215,-1.94216910242264,1.51445164226939,-0.606516973242416,-1.05864071953621,-0.0467506107837934,-2.88454382173145,-1.31981705099646,-1.23834002965759,-9.40131452974076
0.0137920178679932,1.01684330411776,-0.412822759603778,-0.0303901302251306,0.461892679555561,2.26267133783301,-0.821853119785861,2.69242067170272,-0.391403056145963,1.29789770486178,6.92682015667447
0.998439168068468,-0.146187244419999,-0.430734980266535,-1.43967433726518,0.952485545211983,0.0691368549086067,-1.5351293789795,0.416792235444732,1.18023108011554,-2.214833410977,-1.63796750417765
0.00480277464963423,0.177215169547006,-0.1886383387941,0.192881320827764,0.99607131782489,-1.12359582400964,0.451833242880798,-0.701760042114503,1.46518207221814,-0.00186690899472278,4.07843046072313
0.2435770133205,-0.466378760258897,0.540829894625426,-0.739304101322312,1.10856185629858,1.07958804681884,-2.10064184879563,0.704521659784689,-0.458816108579603,1.46157808974663,4.02551613280361
-1.35455937448644,-0.332317326378724,-0.314717811353842,-0.577572579328361,0.374227733571541,-0.84087459539586,-1.1592939387573,-0.0206353602032247,-0.526659597107718,-0.332193741914713,-3.42615501705929
-0.523515598006504,-2.03471558015068,-0.389109844249138,0.00097852298977495,-0.241474314852339,-0.501978977443288,-0.515799480067927,0.736366167526738,0.454666291495873,-1.11695152120072,-3.10565901128299
1.96048258045065,-1.23227997734638,-0.857487945891562,0.0170895121891679,-0.262823873824007,0.669482653790418,-0.20432195720043,-0.91075451781138,1.36968040711519,-2.68988266856922,-1.52947017431873
-0.492642430959015,-0.225822917133669,-0.512918628232161,2.73408881437312,0.828054442289767,-0.268486799425004,-1.00974432777519,-0.330113899145718,-0.270244120178667,-1.24363445424511,0.553800182568181
-0.159463440061311,0.76692206700177,-1.05246271068616,-0.77543285425589,-1.66868720063677,-0.75542995041644,-0.473058044168231,-1.31566576145237,-1.16690086848945,1.47947460317293,-3.78989127099199
-1.03566607728767,-0.0812461416806457,0.539884494724247,-0.111069731738624,-0.861889031009662,-1.06962462796529,0.173238260911747,0.929486238252442,-0.521454416345189,-0.147132917842781,-0.766383314445071
1.279320039323,-1.52949187869398,-0.0849023182494715,-0.0703177884819986,0.812373558189319,0.256271044388148,0.139078226617868,-2.14843281014037,-0.0288416637925976,0.367698924762183,1.31596248431596
-0.419563340421894,0.542063810216814,-2.4257784843016,1.02336843793959,-0.0502792522232364,-0.157370337945528,0.0485848452527432,-0.100226271618561,-0.00117917934381631,0.0205281944593755,0.100613215019323
1.38978042550896,0.762911042960744,0.738795497254768,-0.688808685834746,-0.0336668892125692,-0.540345729389272,-0.630351224010351,-0.120163286662899,-0.672747534040237,0.618796430084959,2.09003925135953
0.657695175600558,0.558885771456036,2.98411325508146,-0.0679899375706105,1.98913809057222,0.0325987268320813,-1.32428000170829,0.425824204106309,1.46869581140431,1.48319689534809,7.85983501052301
-0.163243585003768,-0.241247762320101,1.66625639343542,1.20609061325768,-1.30020996106758,1.24563108973175,0.643411475445146,1.29827947619495,0.528017829536064,-0.631161974422827,6.90535578153401
2.27839234195314,1.29374277644657,1.07916898239304,-1.59014372706908,0.616612173586763,-0.082323145194032,-0.525945219425979,-0.591006931670948,-0.0210578286060773,2.23145147984701,7.66407798147765
0.144166384006307,0.817733088016975,-0.399658952007044,-0.396096705387079,0.0243650267986391,-0.152334607408509,-0.894400852954971,-0.929149880554064,-2.33941334711094,-0.00355069153962914,-2.59653799365742
-0.862889722312701,0.653738505106852,1.67195535558908,2.89455231557787,-0.434895461492684,-0.804789201724391,0.722888966962676,-0.148762071412533,1.55154355142031,3.40710948868475,11.0479361337114
-1.56682982086726,-0.667441542050299,-0.00376137076485478,1.31959409723051,-1.2043535095098,-0.954006270193938,0.318762446593954,-0.713728212209991,-1.84745704512944,-0.616316875058809,-5.50891639225249
-1.15824349814132,-2.52933170776277,0.0595852570927296,0.749655803711325,0.831983732377732,0.00154405864002638,1.46546042153086,0.153594982084968,-0.377035018480897,-0.399561420297696,-1.74079659325553
-0.813475301512662,-2.25137247180816,-0.989132365650534,0.131074175105267,-1.32173157227832,-0.665784349559382,-0.0743673176621133,-1.0808930960714,0.238690324950112,-0.283497077479062,-5.87062453697321
0.141594576309678,-0.416930962863931,-1.66303958160944,-0.980997654517462,-0.593551368547182,0.525973720317183,0.262027989614258,-0.708478643332411,0.579710727749498,-0.141549185832631,-0.653670222429879
-1.10793714596741,-0.315325589880828,0.538929589000354,-1.70245277960691,0.862043263350223,-1.373281400909,0.27839524127263,-0.296115514440399,-0.745410461495674,-0.937988834779891,-4.27252069854871
0.488340623150211,1.12605398533642,-1.54040507884255,0.246612906722052,-1.22853549495275,0.138373476654325,0.247004199914948,-0.103945558169978,-1.33346981310942,-2.30437556818872,-3.81695960043405
1.279320039323,-0.907214042357057,-0.757291157481468,-1.37514997027604,-1.28876525585317,0.214799499529056,0.222682110919693,-0.997323766683846,-0.520620379836071,-1.07049204966529,-7.25744690860818
-1.65880177892229,-1.61337149569654,0.749515840991809,0.779070455209973,-0.390969457742964,-1.18932038622808,0.879215706353217,0.557169217631305,-1.54649266805521,-1.08622763134231,-3.29271283720181
0.95906419246185,1.40342106458599,0.414105104494194,0.0827726686322925,-0.37789276054312,-0.80273269792195,-1.03340712080313,0.705387136854821,-0.758391395127757,-0.00101353081817646,4.25889888382032
-0.877554981650847,-0.958516412763365,1.4389303091189,-0.878760964087133,0.284275541672101,-1.19779621790875,0.35438508980728,-0.563213339859814,-0.0741648158917803,0.0400417098818604,-1.18558251005126
-0.523515598006504,0.228370606189986,0.245887300032034,1.72952049667628,1.10364079457426,0.541119433253967,-0.0282044920501852,-1.27037909471088,0.475459468880049,-2.17625601792584,0.201985695802509
-1.21176245375595,0.393670000887053,-0.673606893047544,0.464119830139904,-1.05065545683435,0.405593411750205,1.56349580642629,0.343403277899855,2.2790973303571,-0.193464843367889,4.61503289866854
-0.949187603995723,-0.466514246273464,-0.661914544662086,1.29649274667301,1.22390745824757,-1.56470048898769,-1.18724111589735,-1.31244999769709,0.245614897654218,-1.01054847111737,-3.17245660575126
0.484166103094634,-0.378915654587096,0.937759660687949,-0.0684366706716938,0.577192768687104,-0.0620685880990586,1.74776930265542,1.59553170065339,0.177680107181766,-0.947578412508847,5.73864746907723
-0.588869147108672,-1.06921388136441,0.860661032477267,-1.73611846269856,0.268451457105181,0.265364436739754,-1.39952829773178,-0.978099533047579,-1.03504564822737,-0.919437020366579,-2.1726280367654
0.403465084968966,-0.494264787365079,-0.118745609194926,-0.603849573920058,0.202587667617097,0.676645115534205,-0.947622224254537,0.153249109422488,0.229601130306941,-0.254620715519044,-0.769764960594461
-0.492642430959015,0.1627926611927,0.835945550041857,-1.46731222916597,1.02488644145328,0.588389300907189,0.113249090672634,1.82796673997485,0.35110594040755,-0.816849890782849,1.22970361935014
0.00480277464963423,0.515137147668803,-0.719897333848436,1.23132861679445,0.635307271322523,-0.95371162813036,0.730748708364498,0.336185270277938,-1.18863630709442,-2.07179559333459,-0.30921458158692
0.833011036370445,-0.234418099758317,-1.60502870178102,0.662921968338603,-1.16086270248943,-0.850839289442262,-1.10027574909989,-0.625832973659329,-1.68777327093051,-1.54470775497708,-5.16400442781447
1.35674200231684,-0.585157938479336,0.357319766095768,-0.869867639822796,-0.665304406436011,0.612558793053364,0.801173620754859,1.41753600413509,2.08293322658434,1.9042781028027,6.27863131100247
-0.556022683229268,-1.11945328877192,1.97237379072093,-0.434291715858562,1.72281852201617,-0.0609928303652869,0.285446092778152,1.7189382018446,-0.920021463487774,0.829577788655193,3.30449368998695
-0.599386273383321,0.716426151150605,-0.788865563244269,-1.28670411425709,0.35534504302611,-0.0459350361961096,1.27208003715578,-0.145270238079305,-1.4265718303433,0.794046406525408,-0.184855859560697
-0.641982713742926,-0.854031543049838,1.19416032409095,-0.303222674156907,1.07471371545616,-1.37841676238927,0.248421032498149,0.128544985879647,1.58119664158228,-0.0378220440769623,1.29420270033338
1.79911769050281,-0.625261393944058,-0.0240493620578268,-1.57955741159286,-0.408912019462118,0.597847564518173,1.72749510339399,1.03782776826144,1.34308827141775,-0.422021357768607,5.07437515636674
0.721283278957609,-1.415933133925,0.396753186822842,-1.80259310762807,0.973672133851149,0.127003142832496,-0.576502947286319,0.176175938044982,0.569357011604805,0.961623425472863,1.97538372969594
0.55815927675315,-0.59500344775373,-0.834191737107235,-0.44920907212056,1.5047959412627,0.590072308969526,0.307597957955687,-0.844936402507449,-0.85884812304214,-0.930603818945892,0.932733636384031
-1.29670032187182,-1.16028481420132,-0.194029110719059,1.45867118298733,-0.342344502557647,-0.217308299624196,-0.453222581500656,-1.45595483779783,-1.79445235085842,0.22848504991945,-3.89028549714555
-0.642944175341921,0.959566627434611,-0.320031583625419,0.329815005999371,0.756324951782168,-0.388502647155614,0.013774521244252,-0.339854568853583,2.633797270009,1.59315739717306,6.64779984664225
0.448759720230125,0.976918098916298,-1.4159376038749,-0.755981040853187,-2.39115295229011,0.328390148163282,-0.0939692798721265,-0.433077035890385,-0.175533687264154,-0.151394959475247,-1.13672105409947
-0.825270962499578,0.300790887860452,-0.743082334995062,-0.208872198438692,-1.73392528383337,0.269165604095599,-1.64625999984514,-0.541456198378078,0.592342461905967,0.675923428397217,-2.9285472795052
-0.556022683229268,-0.808843254615239,-0.58724884597851,-0.504306467860835,1.10555737612099,-0.200166564498107,-0.0910729082221627,-0.237628498979289,-0.0132639301782606,0.152680220378824,-1.7351460677399
-0.631998964514217,0.74638049481134,1.12601698474551,0.205200537033605,-1.88164717419888,0.135501277615567,-1.16685014181788,1.29814036598472,0.860772441255612,1.86604886540493,3.41073886299285
-0.375311908763413,-1.46180243467927,0.192157941331546,-1.48682514334931,-1.1952200872609,-0.211220657969518,-1.32792655776165,0.396899323824796,-1.10105941083292,-1.62448505923499,-7.45963715799102
-0.687922755500362,0.29478301461303,1.13496985287054,1.01190481544496,0.845492907398711,0.638816084799045,-0.293006986966648,-1.24409554380017,0.737582939828319,-2.40477790527021,0.411295866313069
-0.139805559934769,0.936710602796637,1.37824484997322,-1.24626748549425,-1.25366061200033,-0.210013193803796,0.6839657396559,1.21339561197568,1.10869433426898,-0.634925438216847,3.47686460976862
-0.130310540509785,0.865561186149923,-0.683741002403149,-2.28969841473395,0.422936972372226,-1.33226100867074,-0.17990209650963,-0.652245581782109,1.12196520589275,1.8177863986915,-0.786904838970464
-0.430851662807213,-0.00888224204311639,-1.12538647093073,-1.377264021931,-1.10614800644297,-0.429213052315655,-0.19373839115078,-0.660899620068788,-1.23704048116328,0.958542534638776,-3.16362544286015
-0.414576838321767,-0.851973873282049,1.71840733879322,0.419049924943436,-0.507166618446405,3.07761067160225,-1.12564239904074,0.362018007647598,0.450369662899397,-0.517104602911601,4.61384463028471
0.122528653468164,-2.52756757055566,1.46662305384141,1.45511169658949,0.970076833990856,-0.108685685843432,0.938610848511908,-0.399810449557912,1.02232294153336,-0.712200808941948,4.82414075858916
-1.22179679873314,-0.450683264357757,-0.628770953525665,-1.01479320360043,-0.531750625944617,0.144963455280385,0.724111027710086,-0.573835115990762,-0.0498901559698956,-1.18775846432643,-4.55089499470228
1.26266820472161,-1.07074900373351,-1.00135603469859,-0.308808062087628,-1.37512986160467,2.20678489606683,0.252272950117244,0.988052175260555,-1.07109696796388,-1.19180609396332,-1.69013743818454
0.965394113968568,0.286358384350231,-1.8169454012831,-0.175374699626045,-0.916660570937859,-0.617700974807314,-2.41645841275435,-1.61830319031594,0.186876563943192,-0.870439703378193,-5.8102149165344
-0.0111434417826111,-0.828249847189225,1.65823195789159,2.06551710232098,-0.610334581450454,1.44197837033042,1.01537386098338,-0.868210846868136,0.611759792747771,-0.109957684483573,5.66820624766881
0.279888704680041,-0.455434615888017,1.66512480374861,-0.0498624204210661,1.26728808750052,0.627994384725121,1.42488214811631,1.09867998222753,0.818053185257262,-0.23009399815753,7.35768230063605
0.314322856277709,-0.982090025739201,0.485154110884424,-0.148149186877509,-0.539444021465485,1.32114912289955,0.877323979540642,-1.25067040764597,-0.251079363844256,-1.32119542054438,-0.607090466090469
-1.61178628306439,1.30942818251697,1.364529722415,-1.77078811536021,-1.29706400631289,0.527250445702266,0.0901123335260172,-3.01996817382978,0.964332583949862,1.13426494037019,0.370333834729692
-2.37350053882217,-0.398697225497788,1.249535587837,0.142377358805725,-1.9750354851128,0.91091275381991,-0.798047657998244,0.870052846916267,-0.353588250815738,-0.810809984734202,-2.3534344623756
0.122528653468164,1.01165162411372,-1.2421700435082,-1.17680907320005,-0.396463016169273,2.1382443495488,0.460756671508905,-3.10420536126608,0.556697750286152,-0.0169094565359439,-1.63375618358529
0.691690108034558,-1.64998683311101,-2.55886330508675,-1.22046907059639,-0.869768132292942,-0.370270378579245,1.7458450518705,1.37172365076794,0.551906917113736,-1.11071433569568,-3.27941169183313
-2.37350053882217,1.17283708895981,0.26742315803597,-1.13429087355542,-2.05931171114031,-1.85728980175206,1.90225472696472,0.36640937197639,-0.91416178678888,1.2418883024425,-0.51937725487144
0.417057382956022,1.21584619970191,-2.41066186581818,-1.30334144541693,1.27647467038219,0.258947400430938,0.11690961257476,0.572955808110274,0.959399810714074,-1.2436574081551,-0.379507021183566
2.41069675641867,-0.164052633356201,-0.574111203286236,-0.662073450668682,1.44304166044568,1.53018649798372,-0.955550377481271,-0.920253410189345,1.73496188874511,-0.785197974936234,4.83730388948201
-0.0538069835044346,0.0761426365080012,0.554015978219645,0.497804864570604,0.710455791185166,-0.573044079312825,0.0105539385170256,-0.281086695331204,0.309088070356723,0.54233852213156,1.9143267218587
-0.264054379711794,1.23490843904807,1.84767723082129,-0.586546772058796,-0.465728290594756,-0.0445787429608952,-1.50907892400447,-1.03155227058618,-0.460079846486668,1.27730566369782,1.78055825641089
-0.375311908763413,0.172322222739549,-0.752735496522039,0.86210582317868,0.725537835597597,-0.160218207482847,-0.202432228985806,-1.06365326294526,-0.739680469731763,-1.12763093320308,-3.03828429160491
0.697368583425134,-0.445050777898836,-0.510924573922873,0.250377939200289,-0.554454517279897,0.357440279734874,0.0437970207484875,0.392093158094351,0.209059294505843,-0.969046339014305,1.64412895045031
-0.706437980838222,-1.78868982361357,-0.0314626358376407,-0.388268975218788,0.603342988491651,0.91485703845606,1.39791253064825,0.424518127670553,-1.06823306306671,0.364408263981402,1.35597673933315
0.892005698716386,-0.128013316925369,-0.413258044856684,0.22293173463243,-1.7381010663505,1.18940167610358,0.894613645807317,-0.0974512708760994,0.961597772701802,1.46196959149525,5.24180848444701
-0.272124153540412,1.70721084098373,0.939596713901365,-2.20810595305827,0.225808515237494,-0.19981309791491,-0.518773366282147,0.30944681584074,0.481153201075626,-0.572427153488707,3.12435240152281
-0.243705212235417,0.660033070599683,-0.148821584784621,-0.0796728014805872,0.691514846847616,-1.34076424151885,-0.23663174728033,0.566783754311832,0.709040017216128,-0.220493420621824,1.13630102864799
-0.784961795304657,-0.119980030087682,0.449903662345643,-1.13469528676264,-1.03454038854424,-2.38662407115367,0.663611278897266,-1.07445416325803,0.988647690244275,0.1905607420164,-3.20439653014917
-0.41220850486941,-0.119741651787854,-0.313062270712112,-0.935370441567064,0.407269948383331,-0.176454880375021,0.11464399515087,-2.11103202375962,-0.759551488307233,-0.551155749999539,-3.02674443999612
-0.419563340421894,-0.195677548399211,-0.056469632716249,-1.23005342382226,-2.29579211612808,0.368684801552268,-0.945033919245235,0.0911451439480915,-1.00575598688421,0.12897033703515,-0.91467381658436
0.403465084968966,0.397836198464213,0.520346854001519,-0.709232474733743,-0.469189943621498,1.33479602783727,0.579232060138888,1.31558329019284,0.581120498836736,0.751573932125799,5.54877463027548
0.286117625117546,1.61155654619982,-0.382955906446223,0.136863652147664,1.50556865714339,-0.515075865474812,1.18554928864721,1.04759258196552,1.25214420707529,0.697496377773126,8.40950887965979
0.252469503711057,-0.950483532570703,1.12022471426687,-0.279375809020193,-0.330077078506261,1.76583962962796,-1.10120687539485,0.873866275433102,1.24317114853304,0.528413316074168,5.65831010381012
-1.46571448356228,0.0269831906464273,-1.91358693778683,0.0483699548166758,0.587057806109085,-0.462985256475045,-0.443010449986095,0.543493796645672,0.660887226966596,-0.272200645772766,-2.16335468750021
0.897595713913023,-0.863417473675581,1.01137486992582,-0.124861707743429,0.808939905375843,-0.6550294278567,0.639056164769842,-0.17513555550179,-0.236595276699789,-1.84521290661513,0.389410806050567
1.06187122618055,0.439477427068016,-0.646113579904638,-0.0326243587939854,0.0425440480384108,-1.22118208977313,1.27762940551109,-1.42367061237859,-1.01270799213538,-0.49753926226556,2.29402592238564
-1.83352021021211,1.67521971976687,0.0198906479366999,-0.385310751936452,-1.03450241442757,1.26762229770054,-0.646240400965229,-0.575733205780298,-0.784433824014295,-1.3276795907608,-3.29008186336981
-0.976962938887135,0.425887462907335,0.578256383194021,0.634302513463578,-0.762329740904138,-0.877348422310416,-1.39726725378265,-1.27119420550668,-0.803666827219351,-0.385807408022828,-4.78976654776589
-0.272124153540412,-0.384517725855063,0.830258902085329,1.96438880236304,1.41540694509963,-1.92736919624181,1.12715122426377,-1.59701678998105,1.51635801903252,1.49987784860063,4.70504911232935
0.761134582521725,0.486604715472372,-1.16475320327787,-0.128111036701039,0.607045511144693,0.782534644732825,-2.70240511831747,-1.60341361104828,0.0875430832842305,-0.274203377387163,-3.23170342375669
-2.14759425759372,0.991969844508008,1.8312923629589,0.633613621635789,-0.204913193996361,-0.462708626284487,0.943195776542828,-0.809334256500802,-0.177296058350665,1.30330075979286,3.19198566947979
0.0367148688033308,-0.883889852610282,0.200750795938283,-0.83409813064005,-0.27614001731946,0.301742387278448,0.050838388228221,-0.00587863343263008,-0.380615326200049,0.191696504429184,-0.388069530599234
-0.100852626879736,-0.0736321659696429,0.61111840855148,0.0761649973558469,-1.74375144406571,1.13218319854914,0.275155581577533,-0.301792412159291,-0.823216240885655,-1.69264482464278,-0.406876124577099
-0.255527493219014,-0.499931517941079,-0.815099475238314,-0.881160760611841,-2.01769828083982,0.0849133961977361,-2.28600099750072,-0.526323757536433,1.06696792143301,-1.14369447088697,-7.42357338368754
-0.556022683229268,1.01903984403796,1.93465988721655,-2.03677212540548,-1.11770121239784,-0.267902816955375,-2.01149494551211,0.334385256184016,-2.03078941783345,-0.27545559584521,-3.23565224196667
0.144166384006307,0.705332710326224,-1.41964020128749,1.46546422774433,-0.444879899320597,1.42030540621954,1.4816418594591,0.841156300904851,-0.0274709162552742,1.83928932902718,7.48044635890177
0.691690108034558,0.326955780702822,1.73884027501767,1.53396608836612,1.66677582815369,-0.753041657619915,0.376068731972066,-0.0634036905952119,2.18438307288153,-0.370026832023283,7.01307842954643
0.355334852964129,0.625375424631949,-0.994236409249212,-0.394130374653168,0.703126167461829,-0.118651388011245,-0.834263653480261,-0.430840185916197,0.906767729318224,-0.206118782516159,-0.0487189304505674
-0.0929687677341548,-0.0233655085799537,0.507717856226605,0.840834573342509,0.947487645976107,-0.476781859422079,0.99397201042039,-1.08607249416685,0.313001324846629,-0.113095103251647,4.35577144965792
0.217141553933963,0.714896100708013,0.909274000911891,1.42011757261426,-1.85935577278561,0.486828778691904,0.956634955994542,0.932117791655492,-1.41795720957396,-0.118236614460217,4.05644285313008
0.536438511568266,-0.815537386504261,-1.60507058400985,-0.126020090285237,-1.03020020323969,-0.385192781735725,-0.113324789317408,0.562962950245629,0.267760159572762,1.03704741091218,-2.45860079278957
0.292846810120973,-0.50698115411425,-0.782923093245081,-0.0061075816687127,-0.654318347610214,0.076398366621461,0.25599558612833,0.613034939049305,-1.77562361718881,1.45126008461878,1.49824175160293
0.381464724499871,-0.177145343882832,1.12198352207663,-0.508876474574074,2.18841044832573,-0.374892206290273,0.0571516394713164,0.148225112295145,0.802757429365747,-0.74315137742852,4.89505519221953
-0.951630344008191,-0.911269495570958,-0.469500201918153,0.328144148171951,-1.58641416834296,0.57995873210113,0.432279243249593,-1.06696960189923,0.0803508144838748,-0.326372643080856,-3.03037465548375
1.42383929500089,-0.799855876244088,-1.15158986842901,0.249966588934082,-0.640066816472746,0.647599824969146,-1.60204028774199,-1.02155699901345,-0.501043368701036,-0.586291070017637,-3.59378648569575
-0.715969269937379,0.236419671579178,-1.27107038164533,-0.902758639320861,-0.0774041696240609,-0.643125770303513,1.33831815354519,-0.739005016445975,0.700590021233031,1.34767039403467,1.97053844193497
0.498175511126507,-1.1829171053893,0.507845361084572,-1.04287256810345,-0.79415943260981,0.500375303596604,0.173215808972171,-0.389747563446634,-0.859490376298189,0.559321487198084,-0.844226014841858
-2.00747569829628,-0.780812854636433,0.237070770146153,0.315864977930774,-0.133463065435374,-1.44964038645059,1.78657565595642,-1.46003690764854,0.62512036883489,0.93759617505844,-0.316970269982538
0.294551041717441,1.18575530321625,-0.979326425446452,-0.370179519809139,0.688473023818795,-0.918489319507789,-1.64080611446663,-0.210645810542998,-2.06155288741594,1.68171785859023,-3.77529000505406
-0.523515598006504,0.264964883368806,-0.601786499198123,-2.86062359706902,-0.143125215830354,1.22090956205039,1.67978209976343,0.748316555255474,-1.44768793609919,1.9670889746257,0.734867666332297
0.355334852964129,0.193038437094415,-0.821761484337497,-0.203888471919121,2.01252978425662,-1.53593092896693,-1.09760953313468,-1.83423794104784,4.17626820683379,-1.3297872840992,-1.88911797488595
0.631655435980278,-2.56302919921517,-0.626897550926248,0.741512195829639,-0.951849831437214,0.887207222613846,0.242710116650055,0.136791413737339,-1.59199606647042,-1.58783422697898,-3.11943764825314
-1.65880177892229,0.747111316036569,0.720037664866854,-0.320074414391457,-0.327288316644334,-0.254961737408085,2.4514281858901,1.4634722101384,0.60925794102713,0.771092319574376,6.41410084778341
-1.55815172400415,-0.299288832442205,1.33186594971154,-0.97710263774074,1.91649791707323,-0.545942812237092,0.86635854636198,-0.247891664110174,-0.309456653155479,0.849754399915356,0.992586578406814
-0.273504989816508,0.454735126890867,-1.3390793746277,0.700349173401643,-0.337378308852958,-0.605805211985048,-1.72386435061685,-1.80469560549131,1.55154524984321,0.352952292470627,-1.10194318350981
-1.41325477607639,0.0441489176406529,-0.325838529793785,-0.125726642144237,-0.459237093781153,-0.708487414951012,0.940966848886946,-1.18524695878,1.3746513174967,-0.198158003157639,-0.726443934596484
0.401395430091021,1.71695596429047,0.0301533591228969,-0.379744998640948,1.54427805723697,-1.30861626426131,-1.31972706484965,-0.364173589721032,0.371294560096713,-1.10873622249976,1.77809264520999
-0.599386273383321,0.809295613324488,1.10780049630241,-0.944711223770427,0.80568699438772,-0.00923143819615901,0.0168133916236893,0.106772203862662,0.771344859303415,-0.822372582415339,2.37252567779721
-1.20719558298702,-0.415317084147979,0.0337662465222197,-1.91240657592966,0.985919460784523,-0.423034281899744,0.345748749360952,-0.112938530494269,-0.836274688095084,-0.0894644020757965,-2.6947432125574
0.0995119993228184,-0.0155721691871306,-1.16452015921164,0.0131440007135755,0.636653843978626,-0.00577386904792392,-0.493623728690903,1.00343624835226,-0.792822626144958,-0.480977425192337,0.171936312409537
-0.460116577723741,0.228112959532235,-2.22227863172138,0.493962198539772,1.1369548666074,-0.723521307802413,0.482472133936141,-1.22805621154557,0.861161822732842,-0.060219887219701,-2.93787199872462
0.145108647457139,-0.947646205049298,-1.64023617282219,-1.8998187072667,1.2921443262373,-0.49245967741679,-0.55807388650874,-0.388584883462051,-1.89790046619464,0.758922499666741,-2.45090292322034
-2.35418651006625,2.83673642638675,-1.07585742098863,0.463882727221257,-1.68082152242558,0.611683755367118,-2.19830466900894,1.48377326662351,-0.928898718961029,0.568934254025498,-2.20959695164448
-0.921803529512536,1.39712693339365,-0.730853110796037,-0.415599020313951,-1.08832474657174,0.029181493076263,1.38452708600025,0.525206832204182,0.75177874053758,0.611547145986682,3.25686932743565
-0.382035129759779,1.49869720044053,-0.545375756356247,0.00833913415204615,-0.0749658000287243,-1.13721359867874,0.0850655311918027,0.712072838090488,0.0238881143668271,0.247329857558859,1.25718048086116
1.50248541584407,-2.76564962225543,0.855951378286017,-0.493453047380255,2.29734926954182,-0.517626866883577,-1.19161037877264,0.772957702117804,1.28575549520823,1.23986704027423,4.17165252327748
-1.15824349814132,1.53225210214308,0.127954434022183,-0.232652431942087,0.0650029398055943,0.170158334375446,0.116381334963683,0.649820379855962,-0.441353272743558,0.493859038997652,4.48939997285488
1.38837736917682,-0.597578120665989,-0.308455663931838,0.638393760186791,0.365932996412446,1.59928518400639,2.01890314052674,-0.195370063711822,0.737006507873039,-0.475276574259501,7.28434374412309
-0.565442864975113,1.06288021649466,0.382330424528152,0.151982443681105,0.11428886072825,-0.152497372345576,-1.37885976813061,-1.36761656969848,1.04329968552474,-0.419116174781453,-1.02521055196306
0.726252177074803,-0.193353045872265,0.875575635872059,0.434432535827489,-0.526587035501629,1.76487568566017,1.43162741744799,0.912306063716198,-0.941079343772725,0.35752600209821,6.1039387310703
-1.75026176114298,0.232658191328894,0.323174650297185,-1.5701550979691,-0.14203144507723,0.74213871994077,-0.430018714777524,-0.838638525099193,0.61519710411605,1.98363668157694,1.2828434089115
-0.147033461114462,-0.437340784792251,-1.26601088741903,0.295349457604874,0.815411209056481,-0.210189334666564,-2.57861352907929,-0.965095229532425,0.186024840908691,-0.172627483707174,-4.26918797267023
-0.687922755500362,1.79380610123195,-0.339521407301786,-0.231965024877918,-0.945749512409798,0.146961374682059,1.62460205688977,0.191276332155213,-0.158235035542448,-0.191638521984775,3.52286177568791
0.295393843699372,-0.531837161390066,-0.0501895346925678,-0.154963455808424,-1.71147462699881,-0.405266846566041,0.302845522213948,-1.78450155097382,0.278184608244,-0.407585826331575,-1.93598441854756
-0.827822362078443,-0.873615392816355,-0.620342058210558,1.22719082950155,0.346893204460334,-1.05795124238166,-1.37070818008859,0.0244234727225524,0.639237141734044,2.50556609252272,0.581180450439049
-0.663444799417072,1.25733359499258,0.671722649231776,0.339792846662812,0.838522716353548,1.39472195194091,1.69989839291763,-0.448963717751542,0.226022574686955,0.63905047616283,7.93210784570902
0.593685482717983,0.158853333793777,0.825337279314956,-0.017828952409625,0.297078179647189,-0.0436824850333197,0.451481660239012,-0.0717223501350801,0.417297364597726,-0.424239833757324,5.03767256561891
-0.00312103449382904,0.922780081161428,0.700331691555278,0.56678328354993,0.830371141558855,0.3011615565566,-0.807559246056648,-0.748431855268985,-1.36358255918428,-1.55714611654581,0.537008918906976
0.758979912322216,-0.535593461075659,1.09599508420229,0.281434154430287,0.0653121731969949,1.49510385371308,-0.948504457957828,-0.723184846409197,-2.66794213938859,-0.282044538801226,-1.29065918866049
1.74562877432535,-0.47784996717827,0.898729734256974,-0.520864787557633,-1.01142350185286,-1.55111605481621,0.923143943325024,0.260006387187371,-2.41108330112504,-0.645934762569368,-1.17575066577729
-0.382022834607461,0.0396415254805824,0.729476770244464,0.701184307709453,1.34458529760004,-0.320637786932358,-1.45403336722458,-0.669363158629496,-0.0391295096815661,-0.188660942621317,1.02621872310102
0.786772907005665,-0.174502904049327,-0.466429420395566,-0.640707660434703,1.14197318735707,-0.324266697158955,-1.26726058951825,-1.32149333229946,-1.0950563040874,-0.397746708761877,-1.29032677320472
-1.35455937448644,-0.260153517153851,-0.347083535275655,-0.005579884106279,-1.00755749874394,-0.75556787829931,0.431411836626972,-1.34331049200834,-0.0703167127104864,-0.180134461333793,-4.64256430378991
0.327796655726069,0.118818089676839,-0.137413908131956,0.00230067625202778,-0.162162501775176,0.159481212953206,-0.922863546323624,-0.941035768709482,-0.110539718414443,0.578241563150686,1.14887090204556
-1.38149720878142,1.53015355590066,0.309245808134595,-1.5428885724035,-1.18433343375328,-0.998492601936104,-0.146664589744868,-1.23523530628976,0.665822523561585,0.862435842110095,-1.20328389403791
0.353637643495982,0.636955840958085,0.504687223901438,-1.04253717925077,-0.60503507538791,-1.12283445940903,0.109310107891576,0.631920709888418,-0.910270749648898,0.382908431546981,-1.27739977912795
-1.46571448356228,-0.285915822792423,0.49992738302674,-0.119105628418461,0.40243209305524,0.554569993376992,-0.177999721858827,0.454955435636394,-0.165585282585911,0.107419612989234,2.34756271583359
0.316923431456671,0.80996995551594,-0.132508175569236,-0.0177229252875563,1.14162550725552,-0.269766862490933,0.332457420883416,0.0504284417234353,-2.81502637563282,0.444130053775318,1.77434137817501
-0.61058572096901,-0.970069450275075,1.2276335137104,1.61831996762988,0.670554788438738,-0.0869777585871823,-1.12147506611971,-0.331242043988558,1.94139192312103,-0.898679724736564,1.49309092372628
1.48588315387009,-0.565570686039588,-0.574876291896809,1.22899489827878,1.10163606080257,0.156594470891779,-1.76697300410967,0.471381203548028,0.829932157462688,1.35357882889472,3.93957545420766
1.13238974619103,-0.145989087214006,-1.01824484379172,0.617811144365569,0.120322487506807,-0.451956957441006,1.45978690951903,0.664209692778367,-0.408220723312441,-0.995088709059586,1.93121153670563
0.930242690272091,0.700692654414247,1.19546163068841,0.781631065118495,-0.395553987211341,0.731517848436617,-0.406252439836381,0.611860792213952,-1.40995119871706,-0.519373455159293,3.73703519817137
2.95447495559663,0.978549877005788,1.44903232534341,1.41960261837461,0.604784901556588,0.254642956386395,-0.252957021535845,-0.394838072230445,0.241146032572447,0.29310490885948,9.26709231362724
0.579078329986332,-0.389898019832061,-1.89022713823107,1.50714035576768,-1.60988998945809,0.246053557970314,0.902732612550972,0.191651305893467,-0.171402880344101,0.56207366090026,0.411269277489831
-2.06214268033145,-0.1557944377243,0.265420056392111,0.965546927898865,-1.29892669622283,0.231755815715237,-0.855950535387091,-0.49521805550801,0.113995599066813,0.522885660185697,-3.29305096839494
-0.414576838321767,-0.495843755531141,-0.175026898914599,1.2466509904631,1.00351456181716,-0.139430205297691,-0.386096502142592,-0.46073312361468,-1.52196741276918,1.56627880674038,-0.4267568488031
-0.629286411464251,0.384672786014995,0.79112583208209,1.17872535309028,-1.40500677447491,1.07247633568342,1.94172571155519,-2.78509567511484,-0.630661195120045,-0.0550013523260425,2.08306427444588
2.59615365893012,-0.499745008363294,-0.460237978147561,-0.72192227674314,-0.571608247236116,0.500783426239476,0.0494391035995264,1.02305495952882,-0.163332708944277,-1.42467754138061,4.65843960961954
0.305663140507342,0.824187050859882,0.204712826446612,0.431604087081469,0.522153161988642,-0.0399567475558431,-1.09560343370283,-0.207271228491236,-0.38951263584459,-0.259825161398622,-1.9681473439234
0.459449121872988,-1.03321515267587,0.695972973291762,0.345055591473521,1.51050760662735,0.219298851046296,-0.0325919655284643,0.482560015949802,0.892168107457005,-0.0838440953346156,2.76947950480388
-0.350887795180735,-0.356263735172726,-0.563621965254244,1.64145434462282,1.18430227528555,-0.661217627032895,1.19030538930342,1.90353649002682,-2.80399559677733,-1.05624032615509,1.18836593463455
0.830794079284095,2.63005284837569,-0.404304247262943,0.375786087513706,-0.879144594672169,-0.358616294807451,0.094872861752398,0.227879855858509,-0.280073721933817,-0.0603050047812722,4.17205490009316
0.473839825672682,1.02574861098163,-0.316564554266652,0.0511484278667972,-0.546544743148494,0.210283922616861,-1.31419700512861,-0.919918929714041,-1.58741125199521,1.8032681623621,-2.64403642813224
-0.195339261208692,-0.853873664202655,-0.538739396415094,-0.513574782380049,0.236429427007165,0.952793062112101,0.875722714609363,0.908061507958488,-1.76393497709374,-0.836732555073679,0.140912638307802
0.36233153846265,-0.608872550289727,0.536579709726774,1.74730916601315,-0.668044561765848,-0.441332708480047,0.667958978617172,0.605492151234722,0.441327675551582,-0.640439926665409,3.12291016036039
0.327796655726069,0.0569679556679736,1.80162686184356,0.193368923135815,-0.344660828122507,0.660671757494625,0.0694220831583754,0.481887404568248,-2.330928676544,-0.531760018544751,-2.32339166705754
0.657695175600558,0.958714170292952,-1.24463427181338,0.272558967554721,-1.40034264999048,0.0480958494972526,-1.32820832962749,0.603546360999177,-0.620792452034043,0.0454448594149925,0.294559322286443
-0.430851662807213,-0.668123567647883,1.45828223231425,-0.171679649824314,-1.05211168877072,-0.0684773627282835,0.108509470346009,-1.90896894865172,-0.979382213779782,-0.281389527836085,-3.23716547889696
-0.159463440061311,-0.403153747757936,0.296520473268982,-0.72805726439076,0.277665823913304,0.396719568773381,-0.188310206115671,-0.480213340756778,0.126357823800448,-0.852033029451487,-2.88333228755583
-1.35455937448644,-0.578788739870068,-0.0993945541520999,-0.171968876684206,0.37592116144922,-0.522827655939068,0.589132949228003,-1.08415090009314,0.200369412526316,-0.910076746086101,-1.89256197579929
-0.29323328955916,0.641123172773661,-0.0892308125915608,0.656888340189176,-0.149108871992081,2.05498994736425,1.16321882383283,1.32724709478191,0.910254382446963,-0.906901561685668,5.27063962104712
-2.06214268033145,-0.845931988619709,-0.215388947505853,0.971992362250912,-0.169511619326691,-0.782011882658071,0.0985190188920763,0.596699610188071,-0.230693009172842,0.618265790439472,-2.08394090491873
-0.382215785695098,1.43115647024944,0.243704950463374,-2.0993019635096,0.0107954686047564,-1.44287426060325,-0.655015739289145,0.983572187737615,2.01328603237527,0.720622969823659,3.29527677927176
-0.209442486916946,-1.3109592270136,-0.117351437757462,-0.00395381237277848,1.13716452952472,0.1805326536467,-0.539777565758591,0.872959903806337,0.458603777626483,0.683856368894115,2.76255999396652
-2.50755701766898,0.235547940356429,1.51059352785123,1.1940019319228,-0.34777545585971,0.637266421731825,0.639718204717575,-0.485566013249255,-0.0603187949094764,0.693887919679406,2.04800915686788
0.838950200329296,-2.14113533958088,-0.114616044296444,0.0570415903551852,-0.299799588427245,0.947767994645551,-0.766126478024758,0.793531865731435,-0.927638851233563,-0.831209974193096,-1.49361442002755
0.697368583425134,-0.223053409164159,-0.840565150032796,-1.09655707785592,0.0400142355423981,-0.912088423897397,-0.893158914771879,-0.547531586648622,1.19478327590183,-0.112216783104447,0.542114233170977
1.26266820472161,1.41836631117168,0.983554660663165,-0.026045608606415,-1.21958449093707,-0.369230004718445,-1.71636192727589,-0.618474834308886,3.5339115313124,0.112810102863316,5.75896043175922
-1.22716845467025,0.870778224621319,0.232987002885585,-1.33312264677319,-1.1253254330458,-0.792444499135846,0.307604622787301,-0.616515283963952,-0.65224780009127,0.900624667079049,-3.13618586813288
-1.08600035439683,1.02428727919588,-0.566877564671876,2.89176758814509,1.14027861716808,-0.0330481298936962,-1.38408793190151,-0.772380684989554,0.808783580263274,0.528098904945408,3.10941046494018
-0.284608816603045,-0.0517021043082915,-1.89518971415285,1.10490550739879,0.21530702927462,1.09633021876654,-1.29658479099312,-0.896461831481674,-0.697873027448581,1.54023903263672,-0.616121256002195
1.64040023709392,-0.881597465979312,0.583798812917559,-0.552911642440321,-0.211359582807275,1.55684625318516,1.09921399483069,0.136676434850688,0.0807827475677042,-0.856059705907976,4.1086467319298
0.721283278957609,-1.03107614367442,-0.252616091938405,1.10318971949952,-0.127129936582736,0.117086115300186,0.397346651252377,-0.253978537674301,0.818513196935074,-0.272724055045758,1.38640144239901
1.35674200231684,-1.77874158300126,0.338903573180916,-1.31326179456542,0.112759521757463,1.82681040925063,-1.38391587917045,1.79278260012944,1.12988175307676,2.44840239211482,6.47909052667017
-0.0254087181532103,1.4046716234484,1.39535382941347,-1.58041284705865,0.209983663237637,-0.305543537926947,0.180939258713633,-2.13968051256155,-1.53280936606432,-0.663629123962366,-0.988243504220196
1.13618805688311,-0.436087364537712,-1.06823419544755,-0.864845598383915,0.610964792135577,-1.26641547742355,0.701493202784282,-1.91773325689077,0.645482571600847,-1.20770482978496,-1.60580171370919
1.42053475874085,-0.900742671127526,-2.08911444830483,-1.56651139538073,-0.310466897276718,0.395057866930555,-0.165649095500179,0.460791696862486,-1.00260864668074,-0.311238664793665,-3.64060946476306
-0.915280672715568,0.72517126426026,1.53827892378932,0.373556585372802,-0.156845756136702,-0.222198277712525,-0.846005996059951,0.618747124106708,-0.614054127988177,1.42213719253125,3.56757424913134
1.1702855614174,0.748437764272161,-0.0901030904395492,0.27016939062831,1.80635475749092,1.0294398180793,-0.634231794287388,0.646209885598243,0.494691927522039,0.0367751182614864,3.14442244285048
-0.382215785695098,-0.820839994412429,0.121435775903809,3.8991104676045,1.64477020892939,1.62536657649391,-2.10737899599993,-1.27980334101377,-0.514672346432634,-0.0237202254960639,2.89253002212567
-0.300355192642032,1.56679285976918,0.372849863845614,0.0967437262614435,-0.00264359776069724,0.396101092570602,-0.719748854707168,-0.227028938549213,-0.998965318899554,-0.306872288751675,-1.23288355580122
-0.164481796522173,0.254893983410929,0.0433383090887162,0.680530113703767,2.14475787487966,-0.760681809866443,-1.22546211185664,0.596109994530031,0.820898309383749,0.801924589979071,3.03576106905198
1.31370171767442,-0.959094041845773,1.25547150365799,2.12404651203721,1.32842148582059,-0.367314756810079,0.734410232067376,-0.435406542994836,1.14795277755869,-0.00626926254736777,7.64491692128379
-0.159463440061311,0.587454777135794,-0.100338446065354,-1.6176582520406,0.191311014900668,-0.278156232350526,0.246746484393116,-1.10688233511462,1.70413178692578,1.4121281972817,1.63888458790349
1.08496769491415,-1.44611654991435,0.325246961078216,-1.51929357174864,-0.525440495188612,-0.91988219929577,-0.569887590545408,-2.61706344412697,1.37293688852464,-0.180959481867633,-2.94935259026251
-0.382022834607461,-1.98982771433236,-0.471427297709694,-0.700965963715897,0.924777571492501,1.67680714098926,1.44455527948701,0.380678917513411,2.21165064352922,-0.495715564311412,2.32527686455702
-0.382215785695098,0.617919915242525,0.909622593387282,-1.6017765471521,0.809614704386041,0.220661254652129,1.33004685717476,2.16312214057871,0.437639088463529,-1.09650407498328,4.7474358585188
-1.82612742071264,-1.08099649610308,-0.129255537787327,0.5152301396916,-1.78373683879895,1.15515143099394,0.166607104591051,-0.00715488002292601,-0.601976693617504,0.416553113615761,-3.61019254976144
0.206460709041441,-0.93925261050833,0.177914804298644,-0.841269973690902,0.581858474533918,-1.13043270827891,-0.387768198103631,0.751557221909434,-1.30756323244463,0.716844640777175,0.249508834404389
-0.720974778379052,0.726664361783438,-0.817989782667182,0.356070315390163,-1.6165204933197,-0.576923921773463,0.536448188303761,0.0162981153831909,-1.08381253405089,-1.0978841884529,-2.64795519766586
1.45159509513993,-0.667524616411676,2.22922607064356,-1.36161376029767,0.956257107393031,0.283979673389806,0.789908347231694,2.19796149626904,0.80143962864311,1.24056100253776,8.10157787638302
0.484166103094634,-0.0615022705047881,-1.68090974660966,3.02041350260744,2.52696409510106,1.38307025912714,-0.993331752873961,-1.92925842426682,1.33087350672586,1.16934615712356,7.66095078525938
1.12213853266588,1.07725673406123,-0.0586313437803551,1.21118762625914,-0.178697542200206,-1.37182941621679,-1.639708204637,0.821833197713495,-1.82112333377728,0.654873911037074,-0.389791329147084
1.08496769491415,-0.295678702515044,-0.258021759938749,-0.125740195476882,-1.66461127248541,-2.53425245865756,0.231084074804814,-0.90688329637686,0.667354301331186,1.3168399183399,-0.936491512379118
-0.484521202892995,-0.0395734717979308,-0.755752669151548,-1.07145763004447,-1.32506198825169,-0.0395006534767599,-0.765768370009095,-0.196675797450107,1.83695507249314,-2.73713143674887,-5.19647208167732
1.15314950798736,0.504927237426743,1.14922329117158,-0.0516652513843059,2.58606016860808,-0.140794192222879,-0.603057735936162,-1.45699140791297,0.0996411832825951,-0.505023322675874,5.26008275703653
-1.51375207430206,0.458569817812221,0.0460201010815322,-0.295371774136972,0.249832370927686,1.58693419686211,-1.92613950585912,-0.113871807728592,-1.2699304609315,-0.924282426141732,-1.37019723660063
-1.16100393293007,-0.740627695849945,0.365164049987129,0.912108877029459,0.238994470983009,-0.528321166640977,-0.744823007004875,0.926576942172947,-0.471943193043624,0.867258775946907,0.185178583662419
3.20979701350934,0.432804213980026,1.11801411976076,-0.47478425853521,0.101498307133897,-0.711772246919662,0.370153875008472,-0.140360017314529,0.103196372933336,-0.774743631853738,2.73354991278479
1.96645046851182,-1.93185258181477,-0.111248559533207,0.0433642792502299,-1.74101132443077,0.935631469045192,1.27322083561306,0.529323574348361,0.603049038017717,-0.813401828015051,-0.66238554801976
1.32479827880697,-0.316420423524136,-0.558355047129655,-1.03970267915932,0.419894128405939,-1.24209882572467,-0.0619516404173394,0.575187207028426,-0.424480833457764,1.76898963071696,0.596879194721945
-0.0118222304844035,0.829750354212075,-1.26835867342209,0.489477877977705,-1.09903442775443,0.569811419275164,-0.401894260989535,0.788311117390105,-1.89245192570695,0.382310332679878,0.697812881962366
0.141594576309678,-0.538073919312541,1.07820299420912,-0.136135257719791,-0.956567552711299,-1.85393143390219,0.151520614575206,-1.47262353188651,1.09184828867411,1.50045986373172,0.772344054509238
0.536438511568266,1.87630535525145,-2.8564143219042,-0.673116491677863,-0.220477383736152,-1.05775658484556,-0.275797179541931,1.44339511205142,-0.975359445016134,-0.53674641554564,-1.88986360546683
-0.61058572096901,-1.17433196308135,-0.270937837060136,1.34450923928707,-0.819276721700584,-0.22261565161375,-0.0483476114014156,0.787223476825893,2.28655255588248,-0.255661269299069,0.897235731100754
-1.22716845467025,-0.0393874695903733,1.17678106447506,-1.37703117684233,1.10673374987989,-0.0687954936993386,-0.508668598794592,0.165619138951149,1.66074614991905,-2.61162965673554,-2.65390887462037
-0.825270962499578,-0.481506193923246,-0.484270431652533,0.595175745953321,1.0063994187065,-0.304134922680845,-1.49828229351122,1.41277103265289,0.123283231373888,-0.897834149689179,-0.801590908683725
0.295184685298246,0.439797893519369,-0.307026993079683,1.6433194765934,0.355999981287755,-0.106266265431868,0.967238987474182,-2.23519688367303,2.75524844101947,0.451671284802792,3.14270496626857
0.250092887316559,-0.276267142965091,-0.51497321852749,-2.81296676021725,-0.182509420290792,0.350171583578556,1.38828741633377,-1.21321412473164,-0.290374990470276,0.687359745946267,-2.0248936715672
0.897595713913023,0.233799724077441,0.675451994823956,-0.460950431777835,0.0790680353752697,0.196973422266999,0.0165848135654726,-1.24924905567251,-0.786757989774605,0.488682364732392,3.29503018030877
1.25877719323333,2.07436549199673,0.561019574962766,-0.0823026024376461,0.235538319027216,-0.647138427550239,-0.825940218022561,0.774445080293198,-0.555045138831358,-0.429110093048393,4.38384434829483
0.629973387917343,0.0113192444105102,0.58511470232562,0.0216371132200283,-0.299760184668948,-0.847923956519395,-0.20699843417153,0.00737960936111425,-1.71039769199908,0.872950595729099,1.79207916033458
0.11555222917933,-1.57596367621018,-1.97446598998176,1.81771548851177,0.543808639271627,2.46571010592575,-0.0197688536123198,0.0386894917811312,-1.83525071085377,0.47124109344681,2.1947579585821
-0.375311908763413,0.276791337650878,-0.351774049962723,1.16176791680041,0.497932978637482,-0.494534742245311,0.519190363042904,0.628821928109757,0.0626284991900865,-1.30739598561892,2.86455199556921
-0.0929687677341548,-0.236959362243292,1.39346100572586,-2.97334744253221,0.134834859679478,0.0624869651444265,1.11802961452785,1.30728704359453,0.482162550147271,1.79183399121566,3.93029028826895
1.32479827880697,-1.11246154073307,-0.457230850216528,-0.611933208106358,0.116252884157981,0.0111481731137459,0.408569490832594,0.132045826938508,-0.0807015411114549,0.11567916535427,-0.707725308364363
-0.7240006703928,-0.145846684794866,-0.354110657076808,-0.486977699882757,0.407601984948192,-0.213643031019494,-0.931778873815062,-0.0559420652567935,1.41189665316602,-2.8702461413773,-3.61390088825142
-0.0929687677341548,-0.584534462902302,0.319458620292801,0.0897105742876321,-0.517925781258543,0.677321889251441,1.81418958686767,1.80026462948819,-0.247703726358547,-1.25411344362023,0.124836570039289
1.16128615785021,-1.03641728124573,0.56051553182075,-0.621063129941768,-0.162119959781873,-0.0507959223131065,1.4507995886636,-1.53419068835481,-1.21845351719548,0.833976650538271,3.70797330427693
-0.820784559484682,-1.37628102268512,-1.05740304029949,-0.336628872503848,-0.691375715410244,-0.371902775260078,-2.08242879117474,1.31641374875665,0.357239281416191,0.442895594896212,-3.5760416350306
-0.368508534196281,0.980331295414431,-2.55695645599862,0.329264309740256,-0.505587783750368,0.0234077315465496,0.0715419416263992,-1.59402773627816,-0.839347071256749,0.423703915674875,-1.96007155218912
-0.457007888682404,0.568824934381021,-1.36818778059362,-0.477429041856494,1.87011606748261,-0.865451012106094,0.276425763425632,-0.285816849103043,1.12235595335906,1.19125946295682,1.18352077848565
0.327796655726069,-2.70191037363338,1.60797441880753,-0.292524597783541,-0.179894556264431,-0.347045016785507,-0.48803315102673,-1.36043509462999,-1.24746377478016,-1.54015615518084,-6.05041696315938
0.0614365813628418,-0.00114165727535987,-0.692178143808854,1.79427596420475,1.61750383682012,1.20653769348181,-0.713657261952899,-0.0430315870776137,0.330694068139169,1.35990880545459,6.14969571073946
0.992212228298993,0.905525215382888,-0.185724211555783,1.15159279494947,0.170090308802135,-0.501052174407149,-1.56067618686971,1.10873431136983,-0.794264928907311,0.0475047755717898,1.69443239963737
-0.368508534196281,0.536484251691201,0.832696847443641,-0.15609705567341,0.670436822797055,0.788384492977439,-0.825862603100078,-1.49746206692512,0.132186046260415,0.653201914438984,1.50247304108287
-0.184128950445942,2.76058992884932,0.508323394837413,-0.548556660403663,-1.01006661018765,-2.28242455052584,0.697217756105874,-1.07512475596459,1.03923446704044,-0.715617156030402,0.215199810905407
0.0530435674035966,-0.0801305534297208,-0.651111433911,-1.61811926533198,-0.207414341842905,-0.735009938664343,0.523857567428298,0.24216723365167,0.421214378670807,0.878905680920847,0.142999875242006
1.12213853266588,1.32421766465012,-0.152178745300671,0.0265952120565252,-0.395388258693846,-2.02541653469832,-1.27499377463161,-0.0558301563866556,0.121757142487686,-0.112561965351855,0.951223335217778
0.830794079284095,-0.58412759277315,1.54747125402406,0.376465926202887,0.353036834593909,0.537794597438839,-0.341486126273965,1.31340039090985,-1.59333262220277,0.64198509855263,4.65691725798264
1.38837736917682,-0.262367355986916,0.822658230492903,-0.154239800352662,-0.54134331180944,-0.392003054393085,-0.675651855311237,-0.160004237730026,-2.0165900643726,0.839266793535755,-0.917483598836399
0.158603491473167,0.294651443077286,0.761157141895834,-0.414980309565572,0.674638421931979,-0.812787317916659,-0.693350082426749,1.0948650787407,-0.773956612065653,-1.34348459719478,0.172444730748705
1.79911769050281,-0.440317089831819,-0.249330889298664,1.27280331109293,-2.47922106000318,0.892850886771993,0.609363937674408,-1.19372442429447,-0.67139806074766,1.123783639734,2.99926556145298
0.691690108034558,-0.45753536692819,1.61183898671576,-1.27669556233482,1.71182806552811,1.21176487607289,1.3032485474258,-1.16212313828071,1.35030088760355,-1.14846235149314,6.7779263325604
-0.735159324286886,0.57004384714204,-0.0796636087097833,-1.43226356755464,0.111006076026617,-0.500918667581914,-0.404717763412331,-0.340894915641449,1.66166873418538,-0.763887901378357,1.5614329355023
0.0614365813628418,0.0812316279890537,-0.383195718232607,0.450270337705733,-0.962481675274309,-0.0638602164125284,-1.01435139785539,0.0726366679860278,-1.94655910436628,1.27393821831087,-0.43744105777345
1.25877719323333,0.200784000079534,-0.0837009571829249,0.120744543362014,-0.78591262321532,0.317363668516847,0.849508084652587,0.609030548032671,-0.822547615590607,-0.170187121399677,1.98298279919919
0.970392535986321,0.229290000950031,0.990795047482432,-0.384322557223924,-0.361404563436165,0.307207664203108,0.012950220722634,-0.304521078258054,-1.44693318729748,0.108016138293365,1.85269176230204
-0.163243585003768,0.645952789718763,-0.360866403803791,1.35760428267075,0.720064482618267,-0.960199125748346,-1.51516219401599,-0.241164486231232,-0.284917370136766,-0.50693526458895,2.62949874585263
1.02506388280441,0.699797850597445,-0.609202815093905,0.0143920861553983,-0.0474179479277581,-0.234625057829638,-0.762856602358428,0.212614979619077,0.747695880188572,-1.521822537825,0.0289760504090366
0.446329436947964,-0.871483648926628,0.213006136889991,0.00238110790736898,2.08008448536967,-0.235361010685295,-0.651451140842892,-0.710228958197357,1.44296613451369,1.69878472483092,2.50759024939719
0.697368583425134,-0.258105209359972,0.439767003655536,-0.286000479223401,0.890729674246685,0.0643728304944094,0.0618229345642583,0.111339139614108,1.03006484573026,-0.17131312125531,4.40141821963871
-1.59115882455771,-1.0629994091464,-0.782307510754407,0.715461507873725,-0.729017148381759,-0.803785448775468,0.253521899781102,-0.237472426771162,-0.132876510294318,0.816280115438595,-0.369618046595547
1.38129648830937,0.262444978691903,-0.219255693235313,-0.514398331143733,-0.56033838877637,0.448037947502543,0.412313530760783,0.461342662257791,0.311776383503861,-1.18328100827174,1.49632083456139
0.887170855698445,-1.80048092727207,-0.747643833459541,-0.203644239927175,0.360392132997553,1.60562606760533,0.238478305444344,-0.116865350350891,0.398696817682004,-1.53472958290253,-0.624267059520922
0.754708907284235,-0.577038614469861,0.490289573806583,-1.12277825680264,-0.67479912977247,-0.629370465439179,0.983708025512422,1.0255686613684,0.742856737519011,-0.872262918687004,1.21891584965521
0.836206239745933,0.872863183955788,-1.49537258997904,0.484556112179979,-2.47663284301907,-1.40200534734484,2.06986596433078,1.40600315555799,-1.54919303220991,-0.440444190309542,0.298382699653743
0.448759720230125,0.960294993383542,0.727747089613666,0.51475719130884,1.21778740167784,1.31989297448775,0.00630714622429748,0.422981589270094,-1.08150825904947,-0.055694431313829,5.22140110391937
0.473839825672682,0.466933952242245,1.55806564080336,-0.239353201034892,-0.273157389855205,1.23777388588935,0.543730806875218,-0.150049593511351,-0.104806219708496,-1.64031297368007,2.80811627831419
1.41626080804553,-1.17436760077769,1.07738685852482,0.0250463012411869,1.99173845771029,-0.842857687788608,-1.62552537948621,-1.91158981637083,-1.45200382746983,-0.556536585729071,-1.46476942773383
-0.272813747807398,-1.04841887444063,0.18610121993938,-0.483684759306293,-0.230554985520768,-0.501989624809683,0.649031509115677,-0.450515295560795,1.37001792531382,0.163961073350834,0.381572779694937
-1.21176245375595,0.676192794161252,1.92664379215933,-0.223785949080412,-0.819763678373218,-0.385026116803368,1.0948794807314,-1.11578082226011,-0.00956373488479267,-0.207187152812023,1.64812523365079
-0.735159324286886,0.700170887412366,-1.01341455040318,0.00776784660130577,2.0599188955568,-0.0801150933240619,-0.399815362568545,0.0572095179537056,-0.81753480632475,2.08656456534389,3.79169989566343
-2.2734544440548,1.71549381511111,0.482314834069845,1.08876618980953,0.305773472439685,0.88059089442677,1.12297535803643,-0.406577320132426,0.809046198159194,0.676623283473948,3.61339594823927
1.78680778537408,-1.01793191404593,-0.616072521626846,1.44977839551498,-0.120422860266747,1.20909821939334,0.857330609013385,1.11326672632627,-0.159299973196255,1.39302621397394,6.93246007631039
0.185359573186671,-0.624871950861247,0.238654420890247,0.713738134692567,-2.06826779119872,-0.775290834823726,-2.41950180973083,-0.619106195780327,-0.747500012653139,0.431494237367316,-4.25928331568084
0.399913498874001,0.961931852136781,0.619422630388757,0.304964570070402,2.0996266336271,0.233995261347471,0.028338844167887,0.57245638240685,-1.35243742889438,-0.173180132565503,5.1704187754072
1.02506388280441,-0.403412390438863,-0.584810455516172,0.437529572523651,1.03160653168331,1.45500975914775,0.355765542907147,0.0693794881476693,-0.236669012253823,1.23214877895896,5.39132293995234
0.445012773917504,-0.125478911956816,-1.63338309901045,0.169310900038335,1.78798072040049,1.14419707271032,-1.05540584403318,-1.14422197128929,1.2707421742899,-1.35960889261525,1.13582121675095
0.185359573186671,-0.680490497304111,1.36988563107845,1.57602057132167,0.73314635781457,-0.859727698869809,-1.00371101604185,1.51892636540739,1.92470113393586,0.0863591881584488,5.85133037197098
2.41069675641867,-1.16693530088242,-1.58399258236998,0.382680186862949,2.00921147405972,-0.123631231856217,-0.564005160407721,-1.13152332983803,-0.954756535114894,-0.433081634217416,0.766730480662282
-0.497269957073159,2.54886661865658,0.808814755871341,-0.906681654919734,0.839256641017845,0.785376007113347,1.42765336410732,-0.299233265607678,-0.636126875019682,-0.45146035544443,4.63347064234901
0.283096849226738,0.0391501286345346,0.0191244609680685,-1.52475162750226,2.16348053788452,0.0449198489941804,0.72529254632135,-0.559223475742327,-0.252272587450922,-1.32114627607626,-0.37103585894379
0.436414742520793,0.362938762376554,1.82471208569474,0.649723457908605,-0.361812531937667,-0.968958505421932,1.89179447139968,0.61012408901858,0.336349725237587,-0.485491257907593,6.4236968275549
-0.00541876326511116,-0.347455663525538,-0.150634101475166,0.206230748192983,1.30449126711986,0.488173847797413,1.09112468316332,-0.682377330772614,0.336632640247394,-0.688347537915368,0.928738567109543
0.276026435903822,-0.65542881859835,-0.327788686036205,-1.08261807302409,0.98054635394661,0.411999128262997,-1.12392149123339,-0.407411724581263,-0.0940634971512229,0.6527752289197,-1.13343658048612
-1.1479517866558,-2.24820987882725,-1.18284808111549,-1.22807317084265,0.544388646457248,1.58881152930733,-1.93306005307259,-1.6603033063972,-1.52370345631377,0.120728918170514,-7.79383885836741
-0.766238850062694,0.96447793211033,-1.40063753926715,-0.447263832785952,0.617344106032606,0.172782263796637,-2.36091335744677,0.253445385501143,0.695396576283023,0.340737986838962,0.284629391100653
-0.37695201821223,-1.37109711597031,0.858454438135523,-0.402098940972214,-1.0433328825904,-0.55908707336804,-0.48287703950003,-0.52576656988441,0.0983031073759493,0.783322533671736,-0.801523849835614
-0.492642430959015,-1.18285204655165,0.647288196203613,1.07336899507549,1.00614362819793,1.30954646078097,-1.09872600410868,-0.0844237098597807,-0.993723072366327,-1.58576327188074,1.38108468559419
-0.785555169103862,1.20855920726538,-0.882040084351071,0.64493964296399,-0.241346690060895,-0.519553695388427,-0.272509439973529,-0.862173070215791,0.981194586467809,-0.235791774208551,-2.61224423876062
-0.52077349967414,0.480582522213169,1.12433284300488,1.56541295238422,1.51313653771204,-1.11846265934283,0.480037012317875,1.8358686310099,0.393420472473373,-0.0730170706919192,4.74686548427735
-1.08600035439683,-1.08316844995113,0.321025855228646,0.664113939955173,-0.473322700881537,-1.1616314824824,-0.5206247289178,0.0391543998771031,-0.926674371739672,0.489389509525316,-2.99672868442522
0.340674955536333,-0.43868003967615,-1.69435537757801,-1.10885950130553,-1.90448409506971,-0.747844879116135,0.704114991647404,-1.59065709910528,-0.41229606038413,0.877446728934991,-4.57441489081381
0.0833448568826195,0.0544010532995352,2.7416584084596,1.05084677552394,1.19677839120047,-1.02332392942191,0.191791957361047,1.26679869729592,-2.18284280669086,-0.0455951251629965,4.60046185457681
0.546929153136563,1.12439689775264,0.00877507036364118,-0.00397877501738005,1.35822697990204,0.19490369989134,0.939444743752548,-0.0354148236121291,-0.364190123519698,0.99074425704916,9.56281202059158
-0.271022666295781,-0.370934676690679,0.555158349157871,-1.4234278063638,-1.23338333857695,0.183373909318616,0.23992351229564,-1.3291254058574,-2.62817278198457,0.659246069862146,-5.61688390960835
-0.631998964514217,-1.52373372750802,0.472237803576904,0.905886333767275,-0.967361851713873,0.371346309858978,0.406772441418118,0.544582432970823,-0.927033591204988,0.0840335785729218,-0.13006884908522
0.299256697488321,2.62005040964871,-0.601871514421137,-1.02914527053282,-0.262400246758483,1.23457037561119,1.2256121102594,-0.177342173642915,1.32122682680578,-0.0282240905598912,6.02773574872514
-1.59115882455771,-0.443880259605942,-0.318458224391149,-1.22306939645785,1.94400703955642,-0.35362206977171,-0.460890595822051,-1.25872346971157,1.0918101442203,-0.433384379509765,-1.56841850222298
0.292846810120973,-0.903904608147771,-0.410208312939973,0.690231460493763,-0.521131709448795,1.57730974167846,-0.839430110751971,-0.838894082819846,-0.0673383070832036,-0.824423580588021,-1.07028806200002
-0.907989585380512,1.68896995346559,-0.112227344344794,-0.603903280457325,-0.323145087280481,-1.04144676614307,0.188152947895851,0.973796510766052,-0.533250628021475,1.08047353116087,2.07541346206983
-0.663444799417072,-1.00411722378582,2.45646788950613,-0.873373205425998,0.542888212736124,-0.393732794425652,1.23826100235577,0.490153361767522,-0.303011620425252,-0.866762721055535,3.80464583171781
-0.562505056459091,0.249480545340604,0.183077760658939,-0.336221519988127,0.125043892595273,-0.54887419288559,-0.288189511915024,1.98587954921885,1.14218733076408,-1.34221903396504,2.56592205507147
-0.715368837961557,-0.856636450666073,0.649061486524126,0.224212829848573,-0.481538185479444,0.576407665390646,1.10273385009642,-0.845155997984931,-0.274148282899415,-1.32574453390804,-1.14765838096695
1.64275397229001,0.516846182438583,-1.22521396624656,2.20740136040671,0.270103212138694,1.32719311421463,-0.0229585193429748,0.355763983844562,-1.3112174293511,1.02789325636611,5.68789166199816
-0.29323328955916,1.61178568545712,0.696037555434815,-0.130653934291856,0.54108309327848,-0.201650741016239,-0.00979615217070398,0.368118049894544,-0.34862963730565,0.0967314145895507,1.02402176630317
-1.08600035439683,0.239088591280489,1.38458346692782,-0.197874378136026,0.150032685265018,-0.421642613459226,1.18488692050654,-0.676351199801721,-0.283714320681936,0.171711109717902,-0.544579354092821
-0.272813747807398,-0.0897075981312305,1.56476192327457,-0.193846882902391,1.04073214000886,-0.622584443992536,-0.167033176206987,0.970647635341596,0.281423797968204,0.762828303210777,2.86585684843648
-0.631998964514217,0.880949881262874,-2.1787345638576,0.00349494111581784,-1.61173359962934,0.222884969138748,-0.816153588503779,-0.051904781324507,-0.657582112708639,0.700198651558656,-3.23746075526718
0.327796655726069,-1.18986706171958,0.234365901977122,1.37425828094228,-0.272986330544946,-0.22882014758228,-0.296731431151666,0.830803751165121,0.552898309993037,-0.242456938011144,2.39037053454679
0.295499144648369,-0.0592422221182958,0.693073732308874,-1.04764785247728,1.68434493306938,1.2270809373995,-1.9121349876709,-0.355730777227779,0.349490629547842,-2.14574174660008,-2.48254336498603
-0.371218667473483,0.92717739902009,-0.056086054403967,-0.383475003593202,-0.147361114695979,1.11316372764525,-2.01913789898957,-0.0100402013640084,-0.397169381257756,-1.3377004466534,-2.50709330885203
0.697368583425134,-0.255129988738939,-0.358802991534548,-1.44001979569031,0.214822776219921,0.102388454190999,0.701015231807854,-1.90883977166235,1.36577133660511,0.205431132537705,1.03152417909951
0.305663140507342,0.067559400452306,0.720738056182987,-1.17124588153116,0.901889612649742,1.24329531598838,-0.284855961691257,-0.846395069423395,0.199623425186408,-1.44394025482131,1.23552286828813
-1.83352021021211,-0.237608796074109,-1.23978377272607,0.483789654267585,-1.43038024016685,-0.330331870863813,0.205929936567914,0.537913320423857,0.894233442488024,-1.37471280124381,-3.32235783661009
-0.765624570601037,0.984024930990905,0.490149372156029,1.75946417508343,-1.13060050588783,-1.22320069774967,-0.755218418250823,-0.549475813980641,1.14741031181032,-0.0130395175228569,1.71886169382627
0.488340623150211,-2.01892533934435,1.30092438819766,0.114117738694721,1.4279610897675,0.309998972281635,0.464732540253285,-0.021528159780694,-1.09383409595003,-1.00207084566303,-1.18748550196176
0.631655435980278,0.412686662193146,-0.739711245657742,-0.13779477268989,-0.149950887635604,-0.00360964369107774,-0.566567416376841,-0.386838726820048,0.607442446410863,-0.198381725335742,-1.15083021268672
-1.82612742071264,-0.60609487511568,0.108118427010823,0.20251231303782,0.619650063544205,0.407341882550444,1.6316547191072,-1.09490091030572,2.19651201737415,-0.0587021788166139,2.13601502161642
-0.720974778379052,-0.946240074373883,-2.63817104392043,0.90951866200325,0.129482495271791,1.03060641095132,-0.578733810700862,1.22426612009435,-0.726266894196635,-0.759783015460016,0.0688117315797068
0.0995119993228184,-0.167210051571127,-1.89437606071161,0.781591816987171,0.594829242762108,-1.1238948996214,-1.11102196045744,0.294962493378043,-1.91411772397154,-0.870655004393285,-4.44566986970805
0.0923996750282458,-0.604309040083258,2.24151166630968,-1.1701550394526,-0.951609108069178,0.123847346478154,-0.986079822552721,-0.547920925563469,-1.58062250640031,1.3142125713451,0.00675434820886422
0.283096849226738,0.921342944619502,-1.32607478897706,-1.14952740890174,0.329066806812556,-0.865457262457085,0.35328964756822,-0.627711536064694,1.37482100446202,-1.94947528326048,0.0796403047978411
-0.163243585003768,-2.2543998346842,-0.617048304206941,0.559296357134067,0.514981856485289,0.913219193809105,0.776969530158709,2.97250960802589,-1.92402380325991,-1.77402427998709,-1.38206557415057
-1.35455937448644,-1.11914723578391,2.61939033950975,0.940316788480932,1.68547776859657,-0.43679828869216,0.286893811407539,0.691259438639815,-0.894844135148372,0.810352815102702,4.37593282326692
1.42053475874085,-0.882824392182831,0.813481600730289,1.16861707626276,2.18415146829964,0.447002383509328,0.857979439828084,-0.850898533567427,-0.314199864363408,0.435955188236059,6.66591754855552
-1.81840791173219,-0.714063632202193,0.076825839715314,-0.841448077719303,-0.792899489750137,0.406889534196886,0.325172862820313,-0.514763556173581,1.68412520738717,-1.28203628691766,-3.06356413964962
-0.231998822441122,-0.0823748219506555,2.00594081848756,-0.631727269396752,0.108706003283208,-0.564827682791383,1.12629860132706,-0.890802696259026,0.949935513470024,-0.213828847199909,4.62942647120489
-1.43131448586125,0.744993645426315,-0.157197176734235,-0.253921056982528,0.86060986223002,-0.513679786018747,0.0469668710485047,-0.280646702920057,-0.301477569025746,-0.330714225173852,-0.23850489442485
-1.75026176114298,-0.658975452587319,1.74111303895682,-0.437739368046872,0.686796070797062,0.862677047212001,-0.930184874429874,0.738549722432734,-0.294251868236527,-0.665028292268043,-0.408461849393578
-0.147033461114462,0.432557932071377,-0.0358221223849964,-1.09489591582129,-0.0390401499626504,-0.260510512840869,0.17082021257193,-1.19805208138742,1.35071112800221,-0.844299213214006,0.522295180114998
1.53585599003003,-0.452970000378252,0.0350834270108968,-0.496165828531417,0.0366391615870385,-1.00843408367552,2.41568563275715,1.01561133146305,-1.63282530727336,2.612514854829,6.8678318525009
1.08730666661447,-0.0287389850500473,0.510519050976391,-0.0933844114961042,2.82850860283535,-0.620246108646045,-0.409753094755907,-2.39451470252864,0.877386284218273,0.362417174416613,5.19664385388555
-0.7240006703928,-0.980921494315921,-1.02304427840129,-0.143886780809587,-0.539776668561537,-0.523756352315581,0.46482185820512,0.242694156500543,-0.348371681949944,0.71555932326821,-1.8287586633595
-0.159463440061311,-0.752020912071303,1.25268215156861,-1.60073560014347,1.52703030381812,0.341759480446987,0.101008585137949,-1.00193220142108,0.0704047200212638,-3.4900464421556,-0.814681893006008
1.31287674499171,-0.22982945944501,1.60673282608456,-0.096578676220903,-0.967636311895457,-0.0434345545146739,-0.505225987605808,-1.2632675567948,-0.545931834667236,-0.594523976232208,-0.373078535833236
1.06187122618055,0.114551025401972,-0.251040451017081,-0.936260277989176,1.10262578276589,-0.325080000407409,1.33058826403749,-0.578706995447635,-1.75431032449791,0.864145513858871,1.29488781745932
0.572756609745788,0.0602647979336402,0.220749032716672,0.763161151862076,-0.116991782788094,0.215871963565966,-0.143270984032198,-0.106573391530062,0.833864052245401,-2.3795022157932,-0.0975837461566289
0.429822033369416,-0.607176633276813,-0.858037904873843,-0.399213509584916,-0.383553258384178,0.990787808661821,0.407820775192584,1.21843476405611,-0.464064723206859,0.41614897037267,3.13637748248625
0.399913498874001,0.924132237256404,1.96789768922236,-2.32471304907854,1.14476918646949,-0.0687751083451324,-0.217074713825668,-0.150724033084527,-0.679266614494235,1.05701632161128,6.07773799215063
0.992212228298993,0.655399383846564,-0.662080556976647,2.60043946295043,-0.264728650155611,-1.0533245662731,-1.09953873931044,1.09030060775105,-0.12762017983694,-1.79747361937553,0.0229095158185926
-0.458231254393864,-1.11064510158994,-0.474918384174596,-1.38891699829906,-0.407432379663339,-0.607175746926701,0.612475680967139,-0.544582253315616,0.223626267879281,-0.211490560597815,-3.09201112353834
-0.7240006703928,-0.829431282639008,2.27101207215182,1.47078115203211,-0.125020369514833,0.954550725830499,0.124911106832175,2.43493768380582,0.344450532643465,-1.8719699074682,5.35981756799396
0.585738682480962,-0.842459146829888,1.33244906970747,-0.423747974400486,0.178076627605434,1.6198989555218,-0.26653854251169,0.453482485527078,-0.902869943651602,0.357983866751962,3.41421382019349
0.691690108034558,-1.32543750830535,-0.870305545496642,0.487826790039191,-1.29121388249244,-0.947988774418232,0.516881441397148,0.243481634434319,-1.11022892775456,0.0694711509911711,-2.65364081919419
-0.26640186682561,0.0833221962344228,-0.773891547859787,-0.985499462155016,1.686896046449,0.693640200450204,-0.349160833740354,0.370436407794081,0.879837308160172,1.84190715827625,4.83624608227978
-0.921803529512536,-0.333259730069941,0.760957837903482,0.309187789291945,0.521947215137269,0.592102740007383,0.431737280121119,-0.882261809349924,1.21794262863129,1.18700256471981,3.66247968115144
1.279320039323,-0.431349969646056,0.927276025809295,-0.0028088525916547,1.49587934203064,0.563019833510661,-0.39267137041085,0.305464489239293,-1.46882525053314,1.2680687236536,2.07029882188749
-1.16100393293007,-0.185266947569101,-0.582536668793527,-0.503909858662109,-0.0584354405166914,0.864230345678384,1.1452693468639,0.944295749361623,2.12203524586445,-0.209255787916558,4.19995561327165
-2.28140637625605,0.791464883298885,0.458739536424345,-0.716609949003238,0.00192061259009135,0.622244836209591,-1.09357515159328,1.34453241189002,2.12817241647789,-0.131399269399698,3.5330804093379
0.0643170390162661,-1.22390802227963,-1.59114106875656,0.892463808182282,-0.570830758738823,0.0864996029497803,0.508843932737234,-1.54463286386102,1.37584451603453,-0.251392511932994,-0.660604679030238
-0.29323328955916,0.154881395584958,0.674836133714217,1.04543919075232,-0.306483487065735,0.840216618647521,0.357388346178414,0.916800526057571,1.11674790752449,1.03545799321684,7.92999034771023
-1.13546915022144,1.0104166469411,2.25214889457015,-1.64406922578127,2.45911244433257,-0.0697989736443948,0.717578979250008,-1.87153237061229,1.61374861002178,-0.28361572836059,6.35150004048125
0.631655435980278,-0.749632706663388,-1.08093550992552,2.32462591166778,-1.65199061521821,0.698009163706237,0.126957754933866,-0.7880621816042,-1.61553966241374,0.160141316937354,-1.73687214880283
-0.862456353622733,-0.251449097853064,-1.64817203156854,0.298032809417045,0.991285850995248,0.0938993103135265,-0.159916521534008,-0.957645372022392,-1.57410806684277,1.85604953049485,-0.836675991996564
1.06187122618055,-0.480450038636498,-0.598593263542652,-0.640172511753463,1.70472025209535,-1.18298231961822,-1.11181939475969,2.05355585365068,-0.75433301973629,-2.12773402235021,-1.40640284646864
0.199507946849225,1.19603341106213,0.164940314750249,-1.03071335845715,1.16924224579325,-0.544967856054855,-0.714109665935817,-0.649841897271535,-0.570962995417772,0.180526817166942,0.219665850200725
-2.37350053882217,-0.742694310251713,-0.97014218946998,1.58170825803332,-0.921883235694357,0.0318344854863615,-0.111659103356782,-1.98365110983989,1.90580202050608,-0.23071264009463,-1.61004898666626
-1.14123533145738,0.769589990097355,1.45964757890193,-1.3548719547746,0.92327949381827,-0.282151413384627,0.293717488213283,-0.127885464338118,-0.0991669567384938,0.329890199403995,2.48486832259249
-0.957440581594979,-0.560102010849829,2.27785836055441,0.35287265829715,-0.805703008492657,0.806133085952156,-0.182527516028268,1.19803122086501,0.131103804501906,1.86002052155911,4.48939326729843
-1.22716845467025,-1.39526798899978,-0.18588380797721,-1.65164554089716,0.79447629338062,0.0921002375411695,-0.314216703519982,-0.962683034727559,-0.0322892606151425,-0.649486054964723,-1.76942486291269
0.892005698716386,0.23410068122146,-0.822407823307298,-2.09345959132787,0.642598370037828,1.51680216864667,-0.763124606353873,-0.248107961432213,-1.30536108075593,-0.587142974690582,-0.638510701338101
0.488340623150211,-0.105994886931619,0.235087077904737,-1.2513059662396,-1.38087475959069,1.0442879305924,0.872796678339675,-0.00247476578895174,-1.48453001876821,-1.96282124015453,-0.913413192289064
-0.715368837961557,0.90512800315379,1.43885657414598,0.873026589736802,0.808330124107956,0.447187345132012,-1.40867483044627,-0.3647316592826,0.341960787171622,-0.150744745088424,4.044330999357
-0.697846436132071,1.59012860323415,0.131920897784191,-0.769932320391183,-0.838709361096397,0.692486268195486,1.32976424220392,-0.0423098547777751,2.17740388503861,0.847817351552925,7.04136235162784
0.484166103094634,0.100817852809393,-0.732701681252715,0.80113106541432,-0.532723483283367,1.03754080497922,-1.29100845678857,-0.722229427637249,-1.33606804852563,-2.51944914450159,-2.77558360072652
-1.22716845467025,2.57015978246872,-0.889059835209486,-0.741128030822901,0.106086691402011,0.749204111337882,-1.32941195863449,-1.1000696026741,0.173542844893346,-0.041792046360729,0.367086622889059
-0.159463440061311,0.976845123928466,1.28419223175343,-0.370379290818723,0.0358949447103853,-0.73878910786112,-0.836728524324139,0.309606911024717,0.739598330647824,0.122492994399644,1.09499323853019
-1.87132857272776,-0.668535095964742,0.106558005489082,-1.57887630284409,0.965815167212924,1.08402148532756,0.380552391489772,-2.36106537305604,0.489988949079169,-0.770780209064,-4.58056408182457
1.62396312004001,0.243675055796702,-0.537552722492939,0.00484098714934302,-1.6015754464486,0.628623099242752,1.61730150507883,-0.871229950069516,-0.579116741963183,-0.624769962915661,-0.53584579737314
-1.41325477607639,-0.0833164745369343,0.518065482103897,-1.39505793017858,1.15540382521593,0.354756581708786,0.56251323331241,1.00036742139576,-0.677307535947341,0.51257632910949,0.457996363408002
-1.20186831233349,-0.248996777484943,-0.5783727392631,0.0691129326791855,1.27868403502682,-0.350809094198077,0.569885743288317,0.16841847580657,0.0798257198928552,-0.206855152443397,0.228344618862707
2.86619856565478,0.130235954360024,0.977213040300186,0.229614008156673,-0.258081386013733,-1.24983489323858,-0.707419290303947,-0.345246343475474,0.309661919947936,-0.896765881330795,3.17427788760748
-1.11897030792296,-1.36726252804164,-0.0410825669295508,-0.827540064680606,0.357521306730072,0.910568860040492,1.15520678155411,0.882847398688109,0.661312214746283,3.66280457734522,5.56365911259209
-0.631998964514217,0.250219530185806,-1.17257285784775,-0.672056937953162,0.849418658118728,0.794404256820222,0.627560156793536,0.491827189940726,-2.18453900536758,0.0694257457352648,-1.57842412240166
-0.243705212235417,-1.43105632536256,1.32695949316126,0.287169228193683,-0.0362018388621513,0.678712167942844,0.376122474916574,1.05587881071436,-0.842394390896312,-1.22365015198588,2.47329183471624
0.893459078455699,-2.91229453964871,1.52763692256615,0.515000659295017,0.12527806520768,2.41710069664237,-0.293590774140983,0.56156960438916,-0.973247438326374,-0.74741250351805,2.23110725359448
1.38978042550896,0.835736786439917,0.738967257836032,0.227037854921454,0.421176686994103,0.150885020324971,0.263182155531322,-0.911347018114369,1.2385174929502,-1.00263795755063,5.20099305750748
0.00392485001875357,-0.362725481517094,0.309195582226618,0.856630018917745,-1.73718457473245,0.00712882416888945,-0.501210366894564,0.00504767822927796,-0.25639884306403,0.49555842408653,-0.862447582742087
0.56436616673833,-1.82499342116901,-0.810745607252788,-3.11875553958982,1.32344877032771,0.0478587308518661,-0.0766126779443448,-1.78474719952491,1.84892392676352,0.108892216507793,-2.13775381952288
0.295393843699372,0.309183747506051,-0.188637222285423,-0.828848477362095,0.27692955635785,-0.601135092163657,-0.23212773339017,0.0180209948724596,-2.09519808420313,0.0819599763709515,-0.18633090363358
-1.43131448586125,-0.832864655515335,-1.11470574172316,1.95709120992466,1.02254650460953,-0.0378881295813377,-1.85033788897005,-0.289525170188647,-0.861897991274716,0.462878385537876,-1.82533910552646
0.306700947728427,-1.30708351832192,1.18475571887471,0.0396317581746831,1.30373358411019,-0.209234325484518,-2.46969455487754,0.374005979427297,0.829400753462304,-0.566335574832784,-0.40740544464423
2.41069675641867,-1.85854074736848,1.93357619736952,-0.354426648963642,0.770380929839689,0.744923189447863,-1.91517497878716,-1.73073602920209,-0.885272714812234,1.04076820072182,0.796963162282691
1.13238974619103,-0.694575492591253,1.73941807570894,-0.192788483364567,0.560054771058452,0.237157902472668,-0.150841098889119,1.84593628397987,2.10908029665575,-0.377918993265603,9.85879016309378
1.0410038815945,0.763034031110553,0.152573298984149,-0.755163844090655,0.263291503970468,0.0738729434946896,0.0367506950044712,-2.01689799431568,1.52583798664634,-0.16011498011134,2.198348336918
0.758979912322216,0.944165133251389,-0.206164512172737,-2.04620586491753,0.0657222143465314,1.21430630335682,-1.13986535556767,0.760870850760572,-0.423098418024247,0.600425115732551,2.36048594524358
0.547374342699645,2.05031680475263,-0.625766440435516,1.92498430026122,0.92255143775853,-1.27870135239168,0.981145842075798,0.429861666544384,0.544210975834097,1.01057031802127,8.0992015153745
0.385616474077547,-0.458128821884108,0.498316124304586,-1.25708386214877,0.0901107786193082,-0.651119962863734,-1.58410273982297,-0.819574934810592,-0.559506885906185,0.282029765345812,-3.16873801115439
0.593685482717983,-0.291454658911051,0.798711730372855,0.374804266572706,0.45529158416092,-0.147343070859447,-0.180784132317876,0.119668239930543,0.835111366057826,0.872827791440843,3.44451130952021
-1.43131448586125,0.94631413120594,1.31632144695217,-0.367266362171588,-1.22577873428694,-0.471442009260747,0.919562903232979,-1.35931741700531,-0.184759364622901,-0.186260606036535,-1.17947426744864
1.04911580263297,-0.64648920241027,0.186221959523139,0.0341343621159402,-1.12386231792791,-0.985944358025899,0.783741384243403,1.37451662142928,0.34939859067106,-0.970414023304794,0.915093817307528
-0.29323328955916,0.202393419200033,-1.39533956064024,0.490098132006274,-0.601091191891796,-0.790951043135184,-0.357472306122894,-0.58964566664676,0.316636884203702,2.09341632749292,1.36444507379745
-0.697846436132071,0.557219641183786,0.188677507528312,-1.47859041653263,0.449454055585687,1.01047931838725,-1.45387440478958,1.54388252034967,-1.03186860800696,-1.04826375490668,-1.56480334669601
0.792874445531477,-0.110002910995862,-0.931827353860215,-0.355361615354939,0.750945324205042,-1.25665382454532,-0.715099181597027,-1.34094817742931,1.04721249018793,1.29740301299354,-1.03126423440356
0.199507946849225,0.701017377849228,1.03170896413741,-1.89031103103002,-1.62283315542316,0.297822469987653,1.22549163356611,1.355250496978,0.222628728215455,2.19409436968966,8.12433672353136
-0.194901578963826,0.321027918646842,-1.56034096715082,-1.57683101840798,1.04696469080016,-0.687444909165939,1.11346826503747,-1.97702459130029,-2.14335988288423,0.633128071405726,-4.92643823161736
-1.21176245375595,0.00549840558721484,1.33786320805651,-1.47883676983421,-0.432762547861374,1.40536673608049,0.906099492611716,1.40318044632301,0.958795136492389,-0.0934842650456286,1.84908252019834
0.399913498874001,2.57262239607639,1.00511542723199,0.567691229129187,0.303021426121245,-1.0332203957608,0.675608588902856,-0.403615615976926,0.448610405768681,-0.423614997168909,4.64716714974828
-2.03320193135932,-1.44376541800575,-1.26804129717387,-0.370340790800366,0.239913882984204,2.08024852570676,0.120672012812536,1.48526254990404,0.15827446886324,0.694705497567976,2.56464582345508
0.657695175600558,0.433840125378979,0.431396141909036,-0.671782627048736,0.408022617232131,-1.11257544243438,-0.46444155861962,3.57172580698916,-1.87435247939889,0.843381498618837,3.19475363658888
0.420626815598534,1.26654995072894,-1.50481305665037,-0.0852278357936917,-0.159714463404905,-2.04348996153241,-0.239604801862033,1.14219236683713,-0.693956129866968,1.26417502716677,0.220392242329607
-1.14855467061253,0.446895101958867,0.162398793145973,-0.508312512797266,0.310184736993653,-0.262788205410428,-1.05942722469483,1.57974350897263,-1.30714984911064,0.81954117069251,2.4278672684049
0.108499297343032,-0.0834105714025487,1.47229548791505,-0.738794735551206,1.13529088207085,0.220754587567921,0.422234743956642,-0.771282055677503,0.833121043623178,-0.297867943438873,3.80855477047668
0.158603491473167,-1.44244889478673,-0.106932302057347,-1.78100697063835,0.45242147486097,1.87566181482334,0.528451367520188,1.47446210829109,0.230866425994263,0.343949771427263,3.55826141881665
0.217141553933963,0.050193726366818,1.16663103237429,-1.27666098981352,1.40788040962837,1.68590324236369,-0.325854992497348,0.351375223433412,0.01937969219854,0.723693063539718,5.03878145650357
-1.59115882455771,-0.490149573965894,0.552717180095863,0.579548908521847,0.181738801144744,1.19339223570177,0.565062643289258,0.283696917335032,1.20800301789134,-1.07211850592527,1.22350627086907
2.28396824477568,-0.355308476552305,-0.905452193139923,-1.90902924100544,-0.903160934138515,0.348338997990442,-0.775540801392084,1.75349740750403,-2.69380227566231,-0.71186722622074,-3.05678768129343
0.0618862027500675,0.831368730951317,0.410221286282849,1.07093789321359,2.84555294759498,0.863192020361459,1.31735750988321,1.19917289210971,1.14216150607695,-0.468440305055935,11.063962064407
-0.670769515867798,0.429279589340484,-1.00194612584914,-0.381422828450768,0.100023774027296,0.25013127996166,-1.11022296316183,0.217917863483759,2.13118215731006,0.382632264475194,1.57946629538113
1.6017356610171,-1.70234098962699,-0.788845409015355,-2.61861777800932,1.5997861549856,-2.69676319681818,1.40378960695915,0.750407273542296,-0.0240972443040584,-0.120850492523544,-0.993134524131962
-1.46571448356228,0.604126182970231,1.83890105999376,1.2367390849415,0.871368441903294,-0.0338081859952483,0.696378334467584,0.794312482393103,-0.350955511590578,1.53375235354536,5.67750978058927
-0.201441696288359,0.0527639688544678,0.820437693579353,-2.48842376225287,1.76869856450858,0.00283936035551307,-0.694466583730691,0.124802012519482,0.178070043695955,0.684536163302191,1.60674647670822
1.13238974619103,-0.308993131124846,0.570082354201777,-0.805664823209847,0.373537193357479,1.34460798544921,-1.02013715101233,-0.176748049008183,-0.0500787204586498,-0.348606462664997,2.10322295689788
-0.921803529512536,0.614311801129954,-1.32122322190407,-0.461396892490872,2.22051888865632,0.324014020597793,0.992518139668373,0.723900879450697,1.20739082218954,2.1671387165269,5.94531199875101
-0.670769515867798,0.147327331167715,-1.11817132617506,0.618927286031757,-0.31049934080305,-0.436276697513065,0.176900813332768,-1.33295111239602,1.03458041852017,0.630906443253984,-0.776247243471952
-0.350887795180735,1.45184275597512,-0.227686925224348,-1.75267035236434,-1.20444917367136,-0.135965423855426,0.15182550867501,-0.569475174895981,1.21931391106008,1.21333246750587,-0.747236427900436
2.41069675641867,0.0990278979021456,-0.754190103976082,1.90005869055796,0.204547010762271,-1.73486645916938,-0.550826110678186,-0.990609467363307,-1.39741143559723,1.07234550196117,0.325097876628539
1.09058069249389,0.19936442931163,0.486807884884607,0.41247398873315,-0.160762313754162,-0.767462754910202,1.38268232097507,-0.521649869315798,-0.992337909840489,-0.383877893586129,2.70950761186753
-0.862456353622733,-0.757460651569665,-0.833627957641945,-1.53265734440661,0.934351461886088,0.0805165992678998,-1.83550131088913,-0.940721350365848,-0.160396171976084,-0.534935544990964,-3.01315568354836
2.38722039617091,-1.99127181800692,-1.37442467061452,-1.55239530525199,0.340750176446323,-1.34199513537352,-0.946053652712635,-1.14848790285444,-0.451884629798534,-0.888892595867747,-7.84273900380975
-0.298867127335283,-2.05653729296633,0.529434405371544,-0.524398219229427,1.24953308905518,1.30717986229418,-0.667873890398788,-0.178585869516195,0.593392804424493,-0.899514080610584,-1.33713987026629
-2.6021294458009,1.02175423172742,-1.41221549725585,-0.154725168422417,-1.22196103762026,-0.279852342720492,0.254221170134641,-2.67669296893534,0.12364795404244,1.14152438544312,-4.42935512106373
1.39932578247492,-0.584835790824266,-0.135491273900415,-0.110786919091975,-1.67450234755944,1.2921846879954,-1.73318148072211,-0.467631322629849,0.883987844569172,-0.181233832011656,0.663319303560403
-1.20719558298702,-0.119260923846808,-0.19171862499339,0.633111413017005,0.527986130816727,-0.596734027812129,0.646340490050603,-0.0184452943889728,-0.907043182616132,1.6624465909011,0.760438726578774
0.425171325428818,0.574408795143111,0.713149991346948,-0.193581847624453,1.20502630462748,-0.339998121467873,0.82088630069609,0.705042353977383,-0.396886713676706,0.410053582984996,4.44945895668732
0.792874445531477,0.636831321496547,0.438792538729922,0.674321844924807,0.198987819939919,-0.184530485115681,-1.73390128173569,0.244865440687343,0.165437363426532,0.666510709301916,4.72076936565809
1.74031103237582,0.057503232843502,-0.373186820242845,-0.415538400340914,1.67321321580451,-1.09968446546801,1.38632762585875,-1.05596408072923,-0.842074147591693,-0.829790855234273,2.46944257499155
1.08496769491415,0.247235074062205,0.283913731541998,-1.73428925689807,-0.10741329481501,0.111338372680319,2.25870023612905,0.74320183436742,-0.751156420735533,1.15236222200726,2.70440334023682
0.00742017786619572,-0.00619615591385611,-2.22896484141341,0.997537336718348,0.731556074876913,-1.8112143042883,-1.05827290318308,0.172636284507531,2.66271982490589,0.106340054427003,1.36473898321901
1.42053475874085,1.23020667210519,1.49320407853722,-0.0819063213471331,-0.411782290985832,1.26101113609582,0.598054741834225,-0.61459621997293,-0.178269364102399,-0.547192428177763,6.35459210382164
-0.616057658031037,0.433598132007289,0.0357258477325862,-0.275336230226516,-1.34603003748505,-1.47624836108436,0.0009851051459436,-0.0428783023903574,-0.501578891954137,0.795244961124699,-1.59702940114751
-0.881949406334932,-0.214120946946351,-0.231089907233341,0.831524229995081,-0.615056382312634,1.05454696172589,-0.299862851585779,-0.682307556516086,0.709066944028838,1.28457741122185,1.87601842058856
-2.35418651006625,-0.720833379015467,-0.118032708304192,0.510328290135385,0.880638744875917,1.46469191455723,2.66412043217862,-1.12811508258058,-0.281106273116929,-0.544876847279465,2.13329688428726
-2.06286011441837,-0.885744243701708,-1.43419728909103,-0.261894633850649,-0.61842345279671,1.1642990343221,-1.03311551426852,0.471960589346518,0.378390425040872,0.193110370988814,-2.26820593112976
-1.40670366069117,0.956538190332609,1.05893700738209,-0.23014864206289,-0.182989413430892,0.396482233225464,1.58246961913367,1.38546500948369,-0.0224867052202451,-0.12446774584078,4.56252624962996
0.417057382956022,0.28149130761429,-0.692075962313878,1.70876730780721,0.768628449700052,-0.747640486814037,1.19224399569015,-0.55913712177439,1.05748084712207,-0.111755183794488,4.10631423640937
0.108499297343032,1.24179045759155,0.519792635704478,-0.496316304354795,0.0838750777692171,0.566384311922894,0.479830120189992,0.702065677368921,-0.427846689966334,-0.488786347040499,5.01344435462864
1.83054191828439,1.86807374957262,1.53822438172655,-1.22903338082346,1.26947685767587,0.210998031868996,0.324407616340622,-0.319223506063149,1.7725760746926,-1.71186281310792,4.52384978976137
1.26266820472161,0.800511067957883,-0.373650311652838,-0.848079224821277,0.589098678706754,-0.492114997882971,-0.913316855524777,0.247420290338577,-1.55126499124537,-0.51311314877709,-0.406351454367669
1.64275397229001,-3.02560173246044,-1.83388324438572,-0.281566796170918,-0.933970396686262,0.685068801931204,-1.05884739661394,1.20759554761375,0.555819981707366,-0.319724524109749,-2.39680248830877
-2.35418651006625,0.897730165205738,1.21809112146766,-1.62411858615907,1.21396150901372,-0.0473661767444223,1.60186296644654,-0.123090163804677,0.992480519774258,-0.140896876728723,2.34748132803295
-0.910937123712156,-1.69141077380895,2.65144990466013,-0.483743363071731,1.53778995758631,-1.01019641095735,2.90971914028278,-1.6865664930482,-0.324602676253208,-1.70902467618936,-0.360157821276692
0.283096849226738,-0.78730978085449,-0.273539954009065,0.582791076881356,-0.429315078082208,0.846681782660751,-0.245255850833693,-1.09730044685851,0.573604497464872,-0.532286760188593,0.517296518918627
1.12213853266588,-0.0556675783891936,-0.391738946852629,0.765288517130503,-0.277158722175834,-0.575472822348185,-0.827424371820984,0.0728383857154247,-0.527599101967027,-1.20891474153517,-0.529150199124174
-0.543952581541421,0.578260668288771,-1.67668051498209,0.215431848353211,-0.693419012366149,0.945975828497312,1.13585761233064,-0.460054513293625,-0.303254365642776,1.01366356911899,0.764002112283809
-0.915280672715568,1.02301708097218,-1.7129479401333,-0.392503500854757,-0.0783110608285951,0.00435663829620772,0.327384425378992,-0.146232024508444,0.140525080439026,-1.4632952373729,-2.62067021804866
-0.599386273383321,-0.405772904944518,-0.195746067555194,-1.53642809408425,0.582115906225733,-1.09552318974705,-1.08266553769791,1.42735708614379,1.63978006886462,-0.165570013931775,-1.19248994731251
1.0410038815945,-0.876180385694715,0.3605554338538,-0.866604205439626,0.0942704710052357,0.704906152326116,0.455857333281454,0.112364853128743,1.26070091799502,0.0314258057614462,2.42530431567864
-0.212018873962583,0.618769188460493,0.988072221970663,-0.0417417871426186,-0.877922006682558,-0.484907834543366,-1.85614012960345,-1.22867026675771,-0.078062425265883,0.968307124831073,-3.22219020405221
1.03095129710834,-1.0811455314632,0.933913997490024,0.483878800353547,1.79916785579891,0.173220891203762,-0.349296966113997,-0.39766203449252,0.359910034670145,-0.156259864949143,3.33298912603361
-1.43942110198344,-0.108818065070189,-0.0261266255775341,-0.682367801715499,0.678362401081953,1.16179000077331,0.24755990103984,0.186107477373619,0.203916137510387,-1.18075384237496,0.833116149609492
-2.35418651006625,-1.33899364521634,-0.290114802863353,1.07968656322066,0.87018098844715,-0.0384773166155163,0.250982102787322,-0.77268176860865,-0.49232888954307,-0.034554321898614,-2.51195204253479
1.42383929500089,-0.361816542180493,1.96437672806365,-0.744228853142971,-0.484587140386397,0.274442823049663,0.689712758418571,-1.28248027980288,-1.31108005727259,-0.799399417508492,0.592845796727787
0.697368583425134,-1.13745361975607,-0.972677271184464,-0.822577884608776,-0.222239050465613,-2.02326840667462,-0.295472572044935,0.420595202277563,-0.504424979763049,0.25191002537276,-1.70521663226233
-0.128513999961203,0.434121351699932,0.562308618890431,-2.54394042354712,1.79274012540675,-1.0084038130179,-0.744241675084534,1.62483981361653,0.123865264570018,-0.306748308281365,-1.09940896579456
0.833011036370445,-1.45658377919344,0.780419419859994,-0.845782819691035,0.758167460569204,-0.257398459071449,-1.14731083392317,1.18239411489662,-0.487410920040615,1.09100488626407,1.48660138552227
-1.59115882455771,-0.0961198123423042,2.37941086637924,0.618525573465225,-0.224125566585084,-0.301054975133127,-0.169614858346041,0.024817274917089,0.851095141578691,-1.24344722661804,0.996920719193159
1.96048258045065,-0.963349151849081,-0.327403765656347,0.045638738323935,-0.0507063159050867,-0.574509651612463,-0.981433407726617,0.451263179627696,1.18283097007742,-1.24612398430587,-2.02426342880589
1.42053475874085,-0.606901064590727,1.31963116308583,-0.835569786426978,-1.11664556314171,1.4723620656689,-0.0201596670143992,1.15860509112571,-0.622596068427596,1.88367215326193,5.54405956552084
-0.476312885113192,-0.830928616454292,1.38793405427358,-0.0747047603707844,-0.0991817163102157,0.0186036416370586,1.43607246156357,-1.16485060508734,-1.43305638750789,-0.883444607419552,-2.29368122861622
1.64275397229001,0.87657169382196,-0.48126928603793,-0.847517524507592,-0.857554639352236,0.255590322507892,-1.74449880308961,1.65866397283117,-2.25804448631428,-0.716577598051834,-1.96937356952818
0.726119167145186,0.879944017806493,-0.726521118380005,-2.85322740801757,-0.0985859480165132,1.5398171877207,-0.219803627765912,0.19174999507369,0.365470816862052,-0.731359918184927,0.738938540746692
0.0744089449437875,0.677599913146855,-1.28434349947259,0.269117696404902,-2.38474953546506,1.05340886261978,-0.773365939213291,-0.00504004651387753,-0.436318841447792,-0.947624919959586,-1.578902070988
0.536438511568266,-1.21469426305232,0.432692632926393,-0.964381861701778,-2.05360437787987,-0.349948628047413,0.617768142939597,-1.55419794445935,0.409674495565023,-0.128509606663078,-3.54627517422377
-0.382215785695098,-0.887848610060113,-1.23688945634792,1.35677582864947,0.835715197972597,-0.428247839353714,0.233706145625289,-0.229906023956908,-0.865659188675993,0.483015976508891,-2.63024649242829
-0.0254087181532103,0.464137872039318,-0.481236288591581,-0.382251903123978,0.984566455551607,-1.16829044131147,-1.60382726033818,2.95908996003888,-3.05892018867255,0.309938109089963,0.278600853269675
1.7529496876152,0.441501423519097,-1.63148860008311,1.5396063250608,-0.508146840325224,0.743888767317709,0.736363923842293,-0.150691419986095,-1.65449321902094,-1.17412954699119,0.936662757774911
-0.341221311728925,0.0156552972921345,0.0789043648734186,-1.74043530536125,1.81498633241283,0.71554374075323,1.00300562279032,-0.399528204845772,0.0649862935150781,0.971609150622392,3.94699254086352
1.31370171767442,-0.674848592889541,-0.627886203034509,0.179041719448557,-1.29383824476664,-1.88924862699363,0.86416565409965,0.38371575674087,-0.600867832873098,1.16333109097621,0.273163698909487
-0.476312885113192,-2.38646576541185,-0.181854903687487,-0.594330688652712,-0.851863675416815,0.209459573116292,-1.05793713921222,0.94355887420692,0.632748937638004,-0.944986474666537,-3.8663721858117
0.295393843699372,1.63973244967028,-0.960518170282114,0.661280354609095,-0.30255922980034,0.902620989569429,1.27505252563718,-0.107363384336881,0.535684013829467,0.340928240094925,6.68963466854197
-2.35418651006625,-0.395454953506522,0.793228079701591,-0.312353245945977,0.294317778811742,-1.74064314747182,-0.0134453824514361,0.372948006331556,-0.149791938681317,0.583717004528174,-1.05195960065986
0.422216937222497,-0.488159140476764,-1.36831701159938,-0.715973205445279,0.171153093544969,-1.01158874197397,0.111600994953753,-0.888789424069147,-0.576629692829699,-0.873641812652732,-3.93606626873526
0.0614365813628418,1.67478631295223,1.7666071045022,-0.253257027477614,0.0234183901506147,0.13946770479059,-0.416077135744093,1.07725920818857,-1.14810311619954,0.102943574929424,3.39530862471662
-0.631998964514217,-0.198792562238229,-1.26631184339329,1.01475749909089,-1.52949763307614,-0.710005207503393,-1.11122737985314,-1.18160074831406,-0.160466533958093,0.903506858323855,-3.72350210496978
-0.382215785695098,1.41534537849094,-0.271555945782204,0.970544890282208,-0.106458400658975,0.252779473005597,-0.804246184948779,0.815541750997009,0.986603983735941,-0.164255616846748,4.02355242416514
-0.198263478461173,1.34223798235666,0.691339843433234,-0.88360178377526,0.0202873920004834,-0.565221115882343,0.0136509983048481,0.534843572529214,-0.185360697621398,-0.158137498543156,0.453919557906314
1.45665402615668,-0.607809405582874,-0.218244465414775,0.81314916281408,-0.834099357993786,1.33024417609473,-0.231915262450296,0.721505821572585,-1.22365935677048,-0.308872408393014,1.48875638108271
-2.71982862921944,-0.583226154241179,2.46626457772948,-0.147082015975534,0.215219185287394,-0.591926740564827,1.44619233507266,0.189820210205767,-0.10265977696634,-0.252792447961275,0.883519608953155
1.05660254356413,1.17609425961716,0.76767562618795,0.363298512626923,-0.506573890481065,0.969463506938911,0.26758796074097,0.561781788662321,0.50913396973943,0.0931827939448309,5.57981036263914
1.45665402615668,0.656261236077392,-0.192256038604029,-1.25441654589025,2.17647805726904,-1.04236574922484,0.0536168157722767,1.5434093816364,-0.0743951592222845,1.29330490518853,6.02479021900737
0.620840792443447,-0.723069546122671,-0.936241461937496,0.0343797557060126,-0.222776792764806,0.13537103931655,-0.0551547320499507,-1.91457108617613,-2.60355563671986,-0.382819714590386,-5.5442714940373
1.62396312004001,0.601480700340038,1.17224809477661,0.428869308050858,-1.21595526999389,0.0243290101865466,1.19808492672914,1.60417363062581,0.832546551031475,2.1649376223763,9.75984684899022
0.353637643495982,0.995679261792028,0.270903018194545,-0.819682977270751,-0.721705318792003,-0.471714485537498,-0.574015055506201,-0.517577198722773,-0.907464617606998,0.148211678252512,0.0620416400160557
-0.320652940064068,-0.976402343971678,-0.457105133121472,-0.0391370390446552,0.398857192076497,0.10036374447763,-0.163481868295138,-1.39703626578681,1.10097785552742,0.532392928859046,3.05533325607399
-0.465562518187606,-0.3171736230975,-0.1354966865086,0.966348006369584,1.11756692655026,0.575772560982735,0.0854441381903871,1.12601301701054,0.0297086798282518,-0.773232131817437,4.07035379388987
-0.697846436132071,-1.19339282414538,0.570936871235454,1.03951744837168,-0.102770582879291,1.11959379205686,0.0430924393328613,0.56924736595611,0.262517554390867,-0.348994131213876,1.95222899469525
0.353637643495982,0.359788146863147,0.624055546170558,1.54513987168917,1.54972307724338,-0.853409471612796,0.543938832558232,1.03638514897465,-0.211977421682398,-0.598496378536971,5.46007235657657
1.06187122618055,0.404084701606774,1.34303045954477,-1.70742682419116,-0.462512187993311,0.201611351205986,-1.19192968186997,0.423592776401265,-0.854936114516927,-1.15362891942419,0.898319663544288
0.908109552558093,2.37198661701718,1.62116968908031,1.85251135159285,-0.392226082383544,-0.198566260560395,-0.887412458551687,-0.530042691436015,0.869207750656562,-0.923135345960462,5.59541544086702
-0.135232460363842,0.324361226359893,0.225347233122143,0.9073553676811,-0.0335001904732155,0.263926123126681,-1.21842748311704,0.373113262751189,0.89741881855643,-0.187244770818227,2.53619714179936
0.483052176980734,0.0182884967656762,-0.718862696707577,0.0784805818786753,0.849262286377522,-1.42923872723249,1.88922076076894,-0.375239263114547,0.0676464677785962,-0.041290596302032,1.82042715050733
-0.720047006063168,0.64167460400088,1.4706537569829,1.20307667470508,1.04374292006308,-1.79453633952572,-0.529473617075454,0.118936682479366,-0.0758265870120057,0.0517555021048444,1.74859448833735
0.56436616673833,0.794288007541595,0.241497974849406,-0.87386779561011,0.546544384353688,-0.585811040546306,0.256960128158664,1.01801917642057,1.75274305607022,1.38213096352368,7.30746648844372
-0.556022683229268,-0.330467553481386,-0.500292675066666,1.35266591404512,0.741738582432053,-0.142932821700406,2.40958115919155,-0.658402238146706,-0.993582738927426,0.556484823402695,5.01738798071699
0.797484660802473,-0.39500731383544,-0.494437388857727,-0.481835820794681,-1.26562677227786,0.414061167369845,-0.380168433228062,1.75324605943099,0.790573527235816,-1.9558542994313,1.36745159385473
1.38619599831902,-0.580458678911666,0.462970512660865,0.215019160953354,-1.90664621638405,0.280529414720903,-0.49380526502953,-0.528338137202318,1.22627962596919,-1.19190855401835,-1.13527793871375
2.06496341751225,0.194500579754853,0.186043085049335,1.02647451127384,1.03175895347631,0.419254733091013,-0.591632806141299,0.583867876643329,0.59234312716697,-1.44654305447839,4.12641151123149
0.206460709041441,0.784360661664003,0.692431362084842,-0.840241451284956,0.338647125195827,0.121598449126679,0.673689233462898,0.456179194303767,-0.718826636288982,-0.204298325404812,3.58435986814571
0.537541975790967,-0.277131124650641,-0.0612953570030057,0.0165625879502472,0.556113210473843,-1.28549097456216,-1.10819757971771,-0.654175531079062,-0.373542213800337,-0.0687954661950199,-1.66121404319506
1.19422422279471,2.23883285208327,-0.961277552713444,1.07769779045067,-0.86636471805361,-1.44265321235131,-0.34662485811498,-0.777589342683598,0.579973863842186,0.70347452059413,2.57249861511629
0.459449121872988,-0.884612088288636,0.909315855749909,0.982366880720054,2.06031333478945,1.24204928684205,-1.99450405522759,2.56128695302904,-0.09002260955735,-0.14005423098002,3.93328673809833
0.56436616673833,0.00721983623145556,1.22416300008862,-2.1206888710012,-0.471167301665333,0.119922973589908,-0.302993143635802,0.677099014333649,-1.20945411265869,0.486201544394706,0.218162395774196
-0.397986774124468,1.1213050214836,-0.709326219115871,1.98589914596049,0.503318593972387,-0.751727972580255,0.345628682609273,0.703289739537335,-0.708748263393971,-1.36741990448777,-0.359920288229883
0.286117625117546,-0.639465823514031,1.5270129015659,-0.327818266508027,-0.0213078090155793,-0.400891433169618,1.48599239063949,2.99170819234634,0.40800943442363,0.426591253905575,7.22576520824511
0.836206239745933,0.986038181403162,-0.190175239035167,-0.197233089557994,1.75713935050078,1.46467994170723,0.460396729812539,-1.11645360280055,2.07149167714007,0.171448784579733,7.70014898876437
0.733605950680052,-0.15195267327088,-1.5491319198127,-0.651567869709587,-0.694592787101622,-0.231280214691718,0.52014606384853,-1.08368417272499,0.400484766634338,1.18449224669092,-1.91252910553975
2.38722039617091,-0.950402938038202,-0.165441198066796,0.538405241676294,-1.63649545618211,-0.135369197665698,0.176300370561063,-0.438383999418231,0.277590137679454,-0.317456861986749,0.880770563520305
-0.194405326669359,-0.391119332397267,0.431685302931423,-1.57124728506919,0.0431920027404517,0.108964002182654,-1.33306145293873,-0.372334596535418,0.785761778721911,-1.20516629873093,-4.28804279449919
-0.195339261208692,-0.0405872872639728,0.574984063121446,0.49282059247498,-0.0772430788363909,0.438186470065005,1.12705455201262,0.59414349431823,0.401098781213965,0.0690757562468421,4.46616374903407
-0.194901578963826,0.735443320852926,0.257902983679048,-1.06473313401329,-0.143877008457074,-0.370318510053917,-0.170125376956444,-0.7841993691244,1.48761603167189,-0.0221889364207276,0.569365998337576
0.295184685298246,-0.363073561691412,-0.583486577726704,-0.190846191548773,2.5659123170265,-0.497556364017195,-0.542778528350774,0.159913197458323,1.89872114479737,1.18574025057313,5.49703086319724
1.52398479903412,-1.11453671723489,-0.50327722547667,0.81429381147355,-0.898936220240735,-0.335656389339402,1.77854608590997,-0.711170388902054,0.54634949230939,0.892744810345871,5.48207875291868
-0.915280672715568,-0.464952663301415,-0.354124997958681,-0.567397678459421,-0.267655114620216,1.44556929156444,0.40530490965024,-0.0711637305111984,0.109090056901604,-0.191123805648187,-1.16279357567515
0.970392535986321,0.138212970774302,1.04162820689421,-0.440751425372419,-1.02544084546226,-0.808629699921061,-0.24005949148483,-0.972777939581689,-0.782913691578792,-0.523501382232926,-0.0237580950498637
0.688056102633712,0.659774489870873,-0.125315710870447,-1.05548270473664,0.410807571448323,0.168374014187708,-0.928564677547759,1.03181633715573,0.2963576583758,0.357335646910129,0.974601530717381
-0.980032349040318,-0.827704227607422,1.22080957729494,-0.826144737492011,-0.438324624519766,0.302767457810836,0.247101468622292,-0.31505984387164,1.87799108482777,-0.214557476347084,1.92405084576058
0.892005698716386,1.22593089954231,-0.13726950477684,1.01615113321976,-1.76083402059986,0.968054769211696,1.37987558016137,0.547482696472322,-0.186501055350187,-0.903066686445025,3.67636839429676
-0.319961061550203,-0.0951350172459162,-1.50969192036799,-0.599370924393955,-0.66260046935629,-1.26661171491995,-0.74263624308156,0.420863927996332,-1.78618679078996,-0.628919887237547,-7.79599947590336
0.145108647457139,0.227163453378614,-0.468694494251534,-2.01956767543761,0.529089550047909,1.01861951053315,-2.38339621653542,-0.209339273835987,-0.334058180555714,1.7505947592019,0.853623508019316
0.425153304635207,-0.646590836748827,2.83719015208759,-1.10124909161193,-1.66460680334016,1.11711079091133,0.505494576027691,2.2006591250153,0.961313162711834,0.378594201851384,6.06271614624279
-0.949187603995723,0.767032546919129,0.245912678672429,2.14176030964389,-0.49950200276406,-0.157767371401517,-0.178830619636546,-0.583057182049307,-2.8271575990107,0.595805835419473,2.2544334532668
0.292846810120973,2.01679615444748,-0.495170177044133,-0.41794680837923,1.64485776670709,-1.91564592278027,0.283486518431777,1.20387854143139,0.382956462723244,0.451565746059653,4.28312756241937
0.697368583425134,1.43230353979227,1.22172938084393,-0.718621858151811,-0.637927104785961,-0.00664917080791178,1.81643119172057,-0.128744493286178,0.674006337971844,1.53195558151799,4.50993651066561
-0.862456353622733,0.617456122711248,-0.296300966261484,0.600619337975854,2.47005648547349,-0.419481793729562,0.550040905025104,-0.974008735337028,0.343045782955485,0.448808842363764,5.03499658708743
1.19422422279471,0.397048643896995,-0.710020683094643,0.826382366978897,-0.501957018441235,0.158278476655571,1.13418933074439,0.639751974751271,-0.316381295224287,-0.11719341887774,3.42969750891769
0.437182326793838,-1.76142330931031,-0.104337521626862,1.13441055039681,0.410939176762084,1.49210687810371,-0.174717394074692,-0.543480969602466,1.77545053354793,-0.373059811551237,5.12455537864203
-0.663444799417072,0.577683267510096,-0.588345151844439,-0.118852456881921,1.55018761506047,-0.39158439693369,0.935309493170687,0.0374394486546921,0.140411531378251,0.596894216470282,3.12287061810602
1.00680069031989,0.136185129111941,0.17127560994101,-0.978172261307859,0.524403948566706,-0.0152580506255814,0.922247297522926,-0.947048419384958,2.43537304807241,0.280395212975107,5.41191833893812
-0.184128950445942,2.17586126746438,-1.05785140775744,-2.29911569838434,0.429876411908506,-0.996387789469046,-0.816461422202071,-0.526429295227572,0.319653241426704,0.244985394154942,-1.67990066160228
2.47045626197687,-1.51824082008407,0.698444915010594,0.264745026968488,0.690670165760821,-0.282413605374316,0.766705221967168,-2.96494751963953,1.09356451719289,-0.504929037700901,1.36862136669218
-2.03320193135932,-0.559004513213752,-1.63695576152426,-0.687433625909461,0.478979198779243,-0.232240602757765,0.647604849409397,0.552448464535509,-0.594005067904336,-1.16523388117531,-5.03846866295327
-1.81840791173219,0.436972561670444,-0.686570246164404,-0.113099266153725,0.34800903258902,-0.908589033229067,-0.00375353507346168,0.750375935609909,1.30450408969102,-0.205173089947174,-0.592549873396071
-0.195339261208692,0.753485713836875,-0.210706126136308,0.196169092884594,1.83593378462239,-0.110915385997272,0.199649413207906,-1.37686269631634,0.443992616078455,-0.0234494425693359,2.21158874996401
0.13636099305809,0.103389052250429,0.665298822443006,-0.776681997617338,-0.366125283053917,1.23922688060608,0.0699521530416558,-0.843144571720756,-0.894367974573556,-0.600440478473,0.209155908803533
1.14554684710024,0.795210300532601,1.35166173005937,-0.880032704689468,-2.18333159959996,0.960465134354756,0.745720713667903,0.780306518510842,-0.379972445248966,-1.29417320495918,2.65565391140595
0.306541024095014,2.08623360577067,-0.247266389978277,-1.0072196697858,-0.35137105340185,1.93063645659246,0.606032314843512,0.274976885639415,-1.0635772839697,-1.07031039383777,3.93937176450566
2.53715150420163,0.236159611116231,-0.599455155200879,-0.255256163050679,0.351299874898869,-0.240543184772727,0.731440948603473,1.10077341717153,0.422366346404331,0.420314369511663,5.56579295463555
0.887170855698445,1.31408346868522,1.85088403729736,0.382584154491914,-2.24416967786927,-0.14163868699723,0.0826118081546595,-0.489215323089474,-0.841623661387959,-1.01515890747641,-0.778289868190453
0.307785950577299,1.38781647077212,0.166319388606642,-1.47669034238041,0.0690748584352299,-1.29241607250879,-2.46357924800768,0.155621006299423,-1.32000297263467,0.262807973354092,-0.561575402511171
0.536438511568266,1.13106678251325,-0.542273623219945,-2.00022063468801,-0.181145803744126,1.04128019694132,1.00862119340667,0.262204307341947,-0.232007815291114,1.14914499893427,2.60954556910265
-0.881949406334932,1.06739290137834,-0.164412003680198,-0.641268430827377,1.15353552275654,-0.636305822342953,0.220314360999758,-1.16225665607016,1.14514968637969,1.91838891826501,3.78349354527963
1.81330102804563,0.56164767193867,0.443761371726525,-0.120193870125168,-0.475696006734347,-0.507327145051839,-0.432524819176676,1.28690480702621,1.14871552088847,0.445629411583322,4.76851006647074
-2.6021294458009,-1.11520096030248,-0.576135144805624,0.374548575794921,-1.18947519584762,0.328086246525897,-1.73671223182949,-0.141078045051444,0.083192636277925,-1.66452973948407,-7.23456844620399
-0.980423093442792,-0.0662298394114234,1.44230993098392,0.0492324282184062,-0.590659178845069,-0.411335820999481,-0.38327762638233,-0.902024226906992,-0.293002070382888,1.38843848715443,1.10886093306692
0.145093324800437,-1.85963283947291,-1.09043616220817,1.04827009095133,-1.05395503641851,0.408747897493536,0.936634250412093,0.0132937975668176,1.41028882339832,0.916908760941998,3.85422596827657
0.399913498874001,-0.0490566529263187,-0.21488698058775,0.739273986929839,1.05115712919643,-0.352554789889156,1.55429760628471,-0.666738397546534,0.621181185722453,-1.39640816400282,2.97497660028919
0.761134582521725,0.575163231572216,0.0788645040929764,-0.89425430238308,0.360115425859658,0.169919388244347,-0.0309142435661365,-3.15698024274123,0.464547932948297,-1.10279120702041,-2.46324164904654
1.08496769491415,0.0786014659547777,-1.60702583325726,0.541576718017803,-0.728071056715485,-1.2909455713698,-1.88377822695292,-0.385959947233121,-0.966287066246535,-0.935784468209644,-2.65291043360399
-1.51375207430206,-0.87822412033351,0.025458583347017,0.107189376462379,0.215472553515012,1.3889076587728,-1.02714925896261,-1.62483288578978,0.929024865941227,0.0275676021522199,0.359039214549657
1.31941059356842,-0.68585540279689,0.0541552113780044,-1.99592678051211,-0.131119213786533,0.19543658084173,0.559090307662725,0.107412619259867,-0.130307061924912,0.338977160979988,-0.0256350397836369
0.417057382956022,-0.208149783110776,-0.900202215259184,-0.654668850258091,-0.74881790257942,-0.421242399205281,-0.0251149237505733,-0.752335735161771,-1.16903489217911,-3.11710394159623,-5.01595344138863
