"X1","X2","X3","X4","X5","X6","X7","X8","X9","X10","y"
1.01868507239699,1.11051000551106,0.352063728153205,-1.89604026786418,0.235715424517521,-0.550125879570505,-0.346334147836478,0.633507019891776,-0.789072062406152,0.962971712707021,4.08355269919102
-1.64577404951821,-2.12680440310657,-0.598444524606338,-0.977864691069962,-1.05257021771499,0.231308292150603,-0.913277426904091,-0.643305466104868,-0.730984588005862,-0.429360504233863,-9.26302700948082
0.98089182742995,0.315976320190786,-0.824777947360535,2.2097986471114,-0.810786646476171,0.0714853310123875,0.799595911018806,-1.81424853381606,1.65804713187508,0.833265685802138,5.6303363248018
-0.152050201106141,-0.0935221203255539,0.171652975026837,0.241636072378476,1.17959623645114,0.942503887748511,-0.941772993197404,0.395351014155995,1.27740591676366,0.709011441323622,3.19284895680218
1.32177416301343,-0.478065792481277,0.718455470449476,0.786040192944101,0.130084487449812,2.74214425551605,0.380810025196975,0.168419671353679,-0.0921602599151451,-0.315658737440202,7.26901730171944
0.491393754363032,0.169514248648383,0.761177346273769,-1.16909605199228,0.139758042724644,0.236722965078377,-1.30433287982159,-0.855905114878554,0.831087428793162,1.09112765324534,3.13525871214762
-1.24307107201974,-0.419057567550851,-1.00373739570171,-0.0578613177494231,0.63241446876248,0.660874960757612,-0.098667838086924,-0.252760977989811,0.0665045193934904,0.804658194645182,1.11887880603343
-1.48521907660692,-0.60268288658679,1.12097322286095,-1.53209169299862,-0.0910336059346195,-0.483703472843901,-0.463329824920216,0.342015541318298,0.700019822360418,0.367771346728212,-2.23596567675591
-0.8569117232054,-0.857576653100811,-1.00904643309022,-1.66308845203834,-1.01809056587201,-1.17806633846134,-0.0946627743494865,-1.95147175262543,-1.34370649438969,-1.71023832333161,-10.0315108931387
0.634481943099213,-1.71866579683492,0.210326544146752,0.300945126106334,-0.292046693864996,0.417394265548362,-1.34456644799934,-0.898429808613882,0.100340263230235,-0.890023626244109,-2.79472764253392
-0.899673035195583,-0.439856682131536,0.0196102108108463,-0.722044124972688,-0.136498707154166,-0.179383311411288,-1.18919837021606,-0.459961124097952,-0.761044919930812,-1.45867620548288,-4.72261140935765
-2.9303742884866,-2.89283121373676,-2.78629231666233,-2.16958149104743,-1.55844385664488,-1.09811867494137,-0.0581808741115105,-2.71519298529898,-2.36225771150898,-0.334491321742745,-18.190043198667
0.065117226803524,1.99673936497702,0.94203638011047,-0.754169130108238,0.637777080159947,0.537278722900743,0.413540422007779,1.11942906387998,-1.37543971327537,0.798246800016926,5.59465895410103
1.20551967212914,-0.418846552725344,0.520715682499112,0.111841047028362,0.45687384323541,0.280825313969087,-0.877209229323118,0.786717079872791,-0.174753329836925,0.833265685802138,4.60270627042795
0.629980742355126,-1.71866579683492,-1.99374626933119,0.453924601308316,-1.05469023488783,0.134186675429471,-0.540830580568084,-0.0816836227464395,-0.29436788490008,0.297813617446009,-6.34856990819176
-0.210326605257882,0.313651286466483,0.656586818394014,0.258432016920193,1.18535804677382,0.27130541041467,0.977762119229497,-0.303122970728315,0.237580664319199,-1.01899363190431,3.01578474816696
0.214023402554946,1.55277725373016,1.50994484196999,1.95884472360061,1.1401402136715,1.74102585084849,0.145839687530821,0.506736817462407,0.698438379566534,2.69806709093219,14.5902304790176
2.83957339406751,2.49835377097608,1.30595564377029,0.338044453311442,0.9613925349942,1.74102585084849,1.33427547125329,1.7887060888125,1.13546400173701,0.633420140705124,14.2428705941934
-0.0529967987786095,-0.339772005735161,0.218264222538939,2.12114562422904,0.123806575309819,-0.65451704985942,-1.35584109575047,-0.461837394179969,1.8594714355925,-0.027905742825798,3.41797156626293
0.491683209330592,0.448716220817937,-0.297157134824497,-1.77649151469071,-0.600032268717431,1.23080859844549,-0.626030843345798,0.995784666419407,0.229168036153711,-1.49503992458312,-0.325256571954959
0.88865562366741,2.15572879226246,-0.0701833747209933,-0.309382875286453,-0.734068909126284,0.706793802123685,0.0448749269308924,-0.0162749798405227,1.56291820621448,-0.825122124855816,5.39268927810809
0.00494107842769454,-0.681131462435816,0.641667524062531,-0.514132652246291,0.871996522810462,0.236722965078377,1.21673321519011,-2.03606330778423,-0.989510444705224,0.794890454603996,0.342143334083015
-0.922010007119791,0.0423774102540624,1.41697542524749,-1.38843142382467,-1.3250004326667,1.00304774686891,-0.957196845014111,0.244881637710249,0.0802599309717136,-0.415188388127016,-2.17121410059512
1.19591957645689,1.93191833690264,1.20635710504004,1.53428529040347,0.446574268979782,0.312744732957077,1.53211744221813,0.114145878282925,1.59095012297458,2.18661606856646,14.8606954891958
0.491683209330592,0.169514248648383,0.0150524372302846,1.45123719504798,0.73139204004873,-1.07272611596029,2.10877643138822,0.496903096540431,0.860174148773063,-0.316448940924232,7.26901730171944
1.50424629835465,0.133225550544818,0.896998829727278,0.189684635321361,-0.212405636707854,0.27130541041467,1.2432074703583,1.2648104720481,1.45349635115217,-0.344480181116281,6.67500599043128
1.85307244998925,0.981957545258778,0.617096650555713,1.95884472360061,0.443714261242076,1.47285134873831,1.40046461654118,0.870870430913708,0.961046706582173,1.36526635293134,14.3052434249037
-1.28675647308439,0.677538255090213,-1.30433262517044,-0.201566538828248,-1.46614378634816,-2.45037263686574,-0.545859920977596,-0.692589454213386,0.0188266442827454,-1.64037534561517,-8.31782292424152
-1.48119573337207,-0.60268288658679,-0.216182908696564,1.1259066551017,-0.23260818900086,0.667161329451493,-0.269179218773198,-0.347939249053075,-0.5130959586776,0.288038760022129,-2.56262484912419
0.153573443645335,-0.976637135741886,-1.4501831602808,-1.01728406942983,-0.451013497436493,-0.659431754334106,-0.118487555636852,0.843134346883338,0.848019795643752,0.950870532897751,-3.43856989305326
-0.0713613897877367,-0.709104315141317,-0.712768902449693,-0.225693975471129,0.326564837757783,-0.178688512523479,-1.4484312617596,-0.398698524629514,-1.55189602130828,1.26587222843259,-2.36474995166304
0.171524756181755,0.897733393482461,-0.495983459556715,0.816380228688936,0.197536851264347,1.72774423623659,0.536735008317269,-0.488638468467102,0.943855843165602,0.315747688588128,6.92551049068928
-0.0312889016892661,-2.25136069813693,-1.21026449847611,0.38777692142246,-0.0137867492942924,-1.59568172240147,-1.8903854474127,-0.821939405151329,-0.167691810296217,-0.651958725668468,-7.72079695194738
-0.677447670494363,0.630753633412975,2.21156945310402,0.000924422112321998,0.517297710163362,-1.37047214094761,-0.392337798935663,-0.463871107690257,0.607372555084261,1.03062486768657,1.75566180816553
1.17438248670914,-0.131500987137248,0.137338706866821,0.315422965912402,1.65214628160789,-1.23243257349099,1.35371290159374,0.988601654649547,0.0860180761820028,0.377169523364918,6.92551049068928
1.01104679040003,-0.928419257728541,-0.67152016681371,-1.07645822121981,-1.77620398019754,-0.467649911695147,-0.709308273433959,-0.480191889185773,-1.1737896555664,1.01032213556349,-5.37168585064116
-0.822006664811484,-0.67061248747494,-1.50068988979919,0.453924601308316,0.301608696082917,-1.09919600369496,-0.3768581367037,0.569913299174715,1.60271457071723,0.409631344376547,1.72122932305679
-0.420539919603179,1.12354535439786,0.805744621519485,2.83916596655473,0.875010845928126,1.38240851890729,0.206690545460499,0.786428356590286,2.57689768818887,1.59263023372505,13.9239360639044
0.634481943099213,0.397522521086705,-0.653752478254082,0.536824395495557,-0.485628883154049,0.172615298880368,-0.13482819523474,0.325137170364484,0.138662075410294,-1.12607996109496,1.0051045106601
-0.331524142319152,-0.618400772047744,0.631361898255863,1.19544146047529,1.95057902564015,1.06176260953497,1.37362476753511,0.633737528974752,1.49357932047191,0.139136047211663,8.83340393900682
1.05488734877322,0.809897122365576,0.152338275093261,-0.951747695873632,2.16599415939863,-0.28662753778929,1.26833305120421,-1.24527587619599,2.04116028421562,-0.344480181116281,3.57038486227428
-1.24050664398265,-0.419057567550851,-1.00373739570171,-0.0578613177494231,0.170557761876125,0.428157432894402,0.551018227092284,-0.514690978964877,-0.459406278780447,-0.28733062243432,-2.27727126306855
0.451768623812933,-0.781121410273565,-1.36169626723951,-0.591975230004885,-0.600032268717431,-0.791956537870887,-0.227374038459338,2.51274861166696,-2.14994791268502,-0.211058760064283,-2.14412134658774
-0.316065321135718,-0.0873316914215889,-0.173937416253163,-1.07645822121981,-0.550011751242991,-0.687992559461823,0.462716617676305,-0.718597542728278,-0.761044919930812,-0.27382800360859,-3.32956940953118
1.53298840497952,-0.363248390382583,-0.988023476808029,0.241636072378476,-0.909817744642017,0.495832241361057,1.40987585160143,-0.267293594559248,0.377044426114648,-0.594050137872189,0.820680442893084
0.545790326543282,-0.820439450306753,0.352417567993005,1.61778926317271,0.130084487449812,-0.338890192024051,0.834408529896495,0.676146868061012,-0.766581389615191,0.565729490117243,3.39989919507577
1.24203316372352,0.276338553943043,0.463275522090372,1.00851794796979,-1.36882698519047,0.27130541041467,0.189493999887154,-0.0496180242574377,0.298448515396583,-0.945182299807986,3.0484356881787
-1.79365298848188,-2.6157090074536,-2.49152141089406,-0.411951187008581,-0.682486830001033,-1.47232378181412,-1.67056872653847,0.0211666227802021,-2.06084290437249,-3.34939626310303,-14.6941122581655
0.625311766090917,-1.27726790670711,0.218264222538939,0.115793325375474,0.466859637331486,0.709142052439349,-0.0267782635438462,0.0158124907523566,-0.212531355159364,-0.439279620202557,2.42111499374975
3.42409483885818,0.0156372819023159,-0.451775908340835,0.22318466190295,1.05788725530192,0.491807102877697,0.258278265115202,0.30559948389508,0.17890672418753,0.812831165990974,6.95281136699314
-1.5036984450508,0.0518322447795368,0.225021916677248,-0.558133028801665,0.341250931849434,0.900354498712516,0.689119838009649,-0.988737537863002,1.21038702683205,0.439646928595172,1.70187822158938
-0.75066413082505,-0.607649093051644,0.363990455485905,0.0261041964796519,-0.65257663487808,-0.288538684023081,1.03666523007481,0.157438594230892,-0.372170133656786,-0.287268436674739,-0.092523556796641
0.0767226754119014,1.99673936497702,0.791263793201562,0.189684635321361,-1.01840793506249,-0.915885219300235,-0.0398830751175843,-0.66873355167732,0.289874430651776,0.612378505550549,2.04034041136139
1.80847751975975,0.431625727659112,1.58185260124571,-0.255178274953596,-0.868978324182272,1.33095658427,0.0897726468021251,-0.426096193862936,0.633864677020118,1.80292217443166,6.32273551934448
-1.2213168348056,0.398332549203989,-0.014169581476251,-0.76604940453041,-1.77015628840729,-0.716541481416012,-0.485256821801169,-0.969873026966688,0.0474472982147556,0.550944945748076,-2.20203626759527
0.374459296766786,0.137269651564899,-0.553236034359822,-0.601318502956578,0.814838573070917,0.276581058161553,1.20669389109334,0.880448891013415,-0.174753329836925,0.221040632107662,1.75566180816553
0.459133193278835,-0.332703442889118,0.257468005142485,0.238441385213495,-0.566232037126189,-0.218032927249088,-0.975371793331011,0.285816496297757,-0.269002852523186,-0.137764370280759,0.933910055822728
0.444450931998761,-0.133110094780828,-0.623857012786085,-0.548987084633479,-0.534246907188704,0.334613354216225,-0.42094662590466,-0.479934238731672,-0.268993397616193,0.575222979368248,1.8939830571638
0.432048920982466,1.37526295862324,-1.01211025721664,-1.73788989172938,-0.968406048403483,-0.587183305242736,-1.35471701542914,-1.10280779148848,0.9149032891419,0.5707678124215,-1.00259512887229
-1.28675647308439,1.06287578482294,-2.72150542374139,-1.57814695802713,-0.601824121798995,-2.0383745997493,-2.2846280845788,-1.19583933663521,-1.14011343403831,-0.666345098512008,-11.9938349681488
0.489353721901134,0.448716220817937,-0.962959916659403,-0.246389026359986,0.626377772715498,0.11614142771475,0.226907124107111,-0.316083591111985,-0.0668691670156215,1.294030717441,5.00014445834038
0.699889457831921,0.511727191155792,-0.344692400146166,-0.707609391791639,0.498603866107684,-0.574580193050312,0.816892730700953,-0.915989711790659,0.700019822360418,-1.31273019940071,-3.26817129657534
0.677352647201659,1.22340384398385,1.41082738285654,-1.28021017400318,1.05559766103238,-0.330394276647568,-0.633130600147981,0.455796621896686,-0.360240225619285,-0.222459850045098,2.70924077429748
-0.0634664284197464,0.379671727178647,1.42546006892644,-0.143078587174357,0.803958316173959,-0.196165628232899,-0.350494071825044,-0.00349004368854778,-0.747472515653576,-0.715216512922676,1.24966420571175
-1.02819377570688,0.322888318627596,-1.30433262517044,-0.201566538828248,-0.449446176479834,-0.231205281573319,-0.800984055005351,-0.204031635147721,0.848019795643752,0.540786117783046,-1.19084741272101
-0.278511152875361,-0.769396939192867,1.38890465746068,2.30035305693129,1.01109510192381,-0.0892722331214047,0.37085984052077,0.123764839091427,-0.517784615577943,1.22149009790806,7.39897340599927
-1.30629990620886,-0.203700602884271,-1.35340199603833,-1.18656809621788,0.353720781999085,-1.28512734912742,0.641000407308564,-0.255448724686499,-1.78854000728286,-0.324551506795203,-3.8192117832478
0.920880112264404,1.30369844253131,0.580838003913708,-0.259182445190871,-1.00745301155423,0.553394249642193,0.178756185808551,1.64448312842014,-0.0874804138389116,0.835675986321964,6.92551049068928
0.732555539148007,0.172042461226646,-0.519231057936297,-1.34613385346828,0.326564837757783,-0.645875326883203,-0.793342975193552,-0.319737564812712,0.848019795643752,1.19449394843232,-2.78699229516177
-0.72213636092087,0.136044431212573,1.10010518161367,-0.0190125060349725,0.221786485255046,1.12146086971973,0.816892730700953,0.541607366975376,0.319701294355424,-0.866100760411333,3.39989919507577
-0.191225474133801,1.11166521728022,0.761177346273769,0.610174719011516,0.0838498108343968,-0.085500851423739,1.61607897161652,0.149917742790245,-0.0666859588612094,0.323380902738979,5.2853510797757
-0.843139429082825,0.535706067273978,1.9760129175798,-0.56948953401882,-1.17244794735779,0.206003430066414,0.855468764856799,-0.14149555377123,0.500948681725963,0.00317548509742299,3.2736742876949
-0.0125984513880673,0.950963141524062,0.979574502844168,1.42275241457774,1.15857081631625,0.380137847442345,-0.0351023245115826,1.05366992779676,0.501922052574635,0.107966994127825,10.4660127060056
0.262758651133652,0.188322202387913,1.3139945178352,1.06001854906211,1.5788283092141,-0.0892722331214047,1.05984665204521,1.20400855509553,0.66346916915163,0.139136047211663,9.71746312425656
-1.48325658262114,0.0518322447795368,-0.411549992996782,-0.357206471179068,-0.337853058254914,1.04125311943554,-0.517845789061496,0.489667052995343,-0.531116246575947,-0.226857461251703,-0.850537217791782
0.0909836290583795,0.0720676663050769,-0.233567499586914,0.194579372150177,-1.63948206331957,0.405999087710915,0.652997099430811,0.318530506401314,-0.0418155352979812,-0.481385910895415,0.500518444899671
0.675285779371191,0.0254878651526691,1.3909190800249,0.776229810752846,0.236377973878819,-0.741755606254259,-0.628937227612941,0.838129304940948,2.5294695063249,-0.316448940924232,5.59465895410103
-0.0475704249513228,-0.799260974306198,1.21416843566054,-0.178988496368587,-0.23260818900086,-2.27913947531983,0.124967771628163,0.288322695620482,-0.250891136520954,-0.673826143047941,-2.00220820214537
0.106149870095287,-1.34769273998377,2.17067335518744,-0.89786517517133,0.378049363338199,1.55299053963624,0.715447209718349,-0.355041034157209,-0.860759887202718,1.59346387352089,3.51786861262095
1.13021552609897,1.49076195497948,2.59881543744304,1.21464344638766,0.87559074874161,1.79241337306309,0.206690545460499,1.4110386719046,1.13546400173701,1.88501519967005,12.6590976046995
1.23318480668576,0.595996085030133,-0.811977192176786,-0.707609391791639,0.468245591722832,-0.53758432386309,-0.547499500626878,0.277534167957077,1.03989313872344,1.06052768104202,3.2736742876949
-0.914196772648967,1.09686686944728,-0.997958465702348,1.03899755305686,0.570287841337138,0.0139162799159881,0.413540422007779,0.65022842083738,0.209611444772114,-0.276689239609004,4.91419778154336
0.134664834432617,-0.246549537129338,-0.874973844402547,0.132490810302025,-0.292046693864996,0.398495765937827,-1.10099749428605,-0.781482175878453,0.100150521339914,0.575222979368248,-1.46463141132049
0.851885644038382,0.415650082184218,0.358542239441725,0.762882372865608,0.536710615142674,0.796753754902961,1.26833305120421,1.0283205590033,-0.0979932519851515,0.800492410650481,7.6235182482108
-0.187304548752227,-0.806290389450229,0.645365654487854,1.19544146047529,-0.804556173212392,1.13721423117275,1.02991924727029,1.3840782618951,0.268650956780169,0.434993279711476,5.36145238280318
2.23151186167862,-0.95863211306567,0.791263793201562,1.53984558943063,0.420698840270802,0.855770200148259,-0.174913892586844,0.163011159794608,-0.865885107063923,0.876603136627999,6.2223106215238
0.130014787582499,-0.51439422834793,0.0944300186544896,0.505846851486745,0.395471698415752,-0.34848241193311,0.606366538890507,0.652150336288828,-0.492031134333453,-0.298107421893294,0.930782920255505
-1.40453279470521,-2.18176739389258,-0.606258142956293,-0.379465846850328,-0.753040008139289,-1.87845114336565,-1.6469576108268,-0.643305466104868,-0.231150225075028,-0.856753982213654,-10.1954926609063
-0.599886458981351,0.0953566318023593,-1.38631271244566,-0.634979450005552,-1.35056384956397,-0.287500242654325,-0.294756999926324,0.342015541318298,0.235375380551656,-0.489693434023994,-3.70111539041471
-0.0529967987786095,0.0348780945029401,0.0671769695740374,-0.390881528962548,-1.01688774588423,1.11962168141462,-0.970827213352111,0.157438594230892,0.703914144714278,-0.416895597470219,0.184470265030091
0.911310551281937,0.468921708722632,-0.0916535173042931,0.973498524937523,-0.0785633377876472,1.33582875408366,1.01813179996261,0.702597277241575,0.175099172728464,0.687030911812544,7.5248225945361
0.309204885894473,0.367758303727891,1.38356501611161,-1.89604026786418,-0.232025209633139,1.44410052317516,0.111435586234634,0.0589862235018633,0.839163180019383,-0.596437387926423,3.26725595862427
-0.0312889016892661,-2.25136069813693,0.320944639176185,0.369037904119913,0.794641269823719,-0.146057178984899,0.290381232298456,-0.807480617413717,0.750689447055014,2.79730645851516,4.02255468989044
0.485199263269823,-0.147949691188417,0.804752617037026,0.73584693264674,0.277556969127868,0.356920874845549,0.0353171035332506,-0.808913704356285,1.1883918997369,0.443912225113813,4.21726662361634
-1.48119573337207,0.0518322447795368,-0.411549992996782,-0.0259193096378097,0.31297499482578,0.664249000725148,-0.563125376067375,0.348156522920872,2.04116028421562,0.361916886555827,3.41797156626293
2.91063552805839,-0.714700011365367,0.849344627483212,0.167395592370721,-0.222196255827293,1.05606372677664,0.833037430630718,0.0846070738618659,1.68479010948597,-1.08653245325105,7.37184562150603
-0.133928552766781,1.54018593160372,1.32499572592104,0.22318466190295,0.684265363928588,-0.228326134922565,-0.327316604415452,0.149917742790245,0.145978062251195,0.468836564137236,4.41511251364845
1.08379192121485,0.0994131832256778,0.358542239441725,0.321424385360016,1.18863371683336,0.0709482172378,1.62108971068967,-0.0316073481649407,-0.766581389615191,-0.374956598358661,4.87152644386223
1.11058809407418,0.129141381571756,-0.824777947360535,0.513740640479307,-0.374948470006407,0.305234683819032,-0.628937227612941,-0.0675790933709572,1.17866447350051,0.109787706830435,0.5777481391224
0.644312216036409,1.5960643324389,-0.428784015029574,1.20508099374222,-0.203794304163327,2.62034314706999,2.71793734983129,0.705250131873735,-0.444519731065917,1.01729991876049,8.34917428638228
1.11058809407418,-0.803829807652491,0.686055084895315,-0.353488309270084,0.78127661947274,0.859068009644858,0.128998629261864,0.265608898148047,-0.360240225619285,0.423524361871101,1.75566180816553
-0.234304995043613,0.596883456498736,-0.350354505520704,0.846135151342265,1.15548111650161,0.489651916452159,0.116462983612824,1.11792954864447,-0.865885107063923,0.235676352525282,4.28295646061436
0.78542901421248,-0.500891958286035,0.320198821716284,1.68156200524708,0.61204744834427,0.879422572473069,-0.0871989749640821,0.0223508776313394,-0.237416311796842,0.243113724613839,4.60261211853949
-1.40453279470521,-0.275653983804492,-0.472680340520083,-0.65604490676548,-0.621677079867078,-1.14599129138501,-0.201728237100692,-0.288995359499721,-1.26319792794692,-1.35113402235669,-4.94212485961246
-1.64233190536306,-2.12680440310657,-0.598444524606338,0.487402930684666,-0.886374377120953,-1.85135026726964,-1.96315806996619,-0.12657834038478,-0.901247965869576,-0.856753982213654,-5.71210868088803
-0.918917426815942,-1.9833242864333,-0.876956810826755,-1.28072800656675,-0.188026716796746,-0.240792143806828,0.998484364922763,-0.627301923481878,-0.21476970759992,0.633313033073063,-6.34856990819176
1.15597885368529,-0.696388401787188,-0.262061614052728,-0.203352294161392,-0.714877599833253,-1.50155085025187,-0.353681774411817,0.276244871461119,0.276962265124959,1.61155405264109,0.500518444899671
0.277121908736448,0.470914281641386,-0.412096063875534,-0.231228120417568,-0.257373089157505,0.0615758288855458,0.0304466058965844,-0.669128931846429,-0.504501137976979,0.196994894999722,0.39314131712976
-0.336926758435184,0.238364772402616,0.282857244538997,-0.393236973579284,1.20581128660713,-0.295848332150306,0.879700968101249,0.311535481611632,0.572576803142439,-0.945182299807986,3.65854322112642
-0.904817284290564,0.965699538679149,0.584794673952869,-1.77162185859446,-0.276873184070124,0.424711160635416,-0.83155457529656,-0.330521630726732,-0.257223842354937,-0.385776292201157,-3.0814446799542
-0.125174563229445,-0.987181454885275,0.529796485417258,-0.219150649191802,-0.500997025881592,0.676686242508275,-0.422266824270728,1.92807459665349,0.352465141044641,0.764100677993672,2.04034041136139
0.603972444810501,-0.37765170000747,-1.2385559057998,0.103398898398629,-0.13379432858019,-0.340284604975166,-0.545862184945327,0.82811465054248,0.59366056924661,-0.212331357327765,0.28656931864602
-0.637192228084401,0.463847845291879,0.218264222538939,0.922569248606321,-0.120870873185195,0.686626296906671,-0.682452602187705,-0.170630898649777,1.00576372501723,1.01631151706904,0.74924533972099
0.285579638427566,0.390671753489533,-0.206053535507113,-1.02177108535434,-0.346679441771773,1.11962168141462,-0.434914288720457,0.703560823410292,0.591204185860147,-0.0888842955111952,2.52269368070509
-0.944853026767442,-1.66093622932813,0.327938727723743,-3.12046005622208,-0.868739382537586,-0.672215565718771,-1.34360843989968,-0.130141162390058,-1.70926913163777,-0.311649210414719,-10.1954926609063
-0.597443141956386,1.5854653123628,-0.037760823504911,2.48056013273324,0.493005426881508,0.473294185166766,-0.348732774139976,-0.426096193862936,1.74454583837386,-0.935249751545831,6.02149055564052
0.908151699029684,-1.35720737109821,0.380938778094948,-0.514132652246291,-0.170407083190537,-0.507475834251203,0.905992058829305,0.995784666419407,1.07785911205916,0.0881767729763278,1.33802660626776
-0.907715880725391,1.09686686944728,-0.0587949125642652,-2.93865032175271,-2.76975924919835,-0.21859586365664,0.0636622000856664,-0.255448724686499,-0.334405835509539,-0.390840391264983,-4.7682717085913
0.491683209330592,-0.542907843429657,-0.539014136401524,-0.00842523946846085,0.267602937104178,1.35793331771255,0.915698130637759,-0.669128931846429,-0.290776156844278,0.448038700559613,3.06566008038566
-0.183183746738563,1.11166521728022,0.0795691282677469,-1.55938102213695,-0.677582932369537,0.0587145817968564,-0.935335231215674,0.0158124907523566,-1.02543204635533,-0.809237567028288,-1.17037433710887
-0.724405261874146,-1.34467864032172,-0.307831916550594,0.146340912730708,0.619451062764025,0.0770934213506986,0.459579125134804,-1.4444519366886,0.598440292737169,-0.0738139134511954,-3.98978513472617
0.188244167010106,1.086996471238,0.268300018776804,0.909777379632951,0.460723543168918,-0.64616533493231,0.3707705928967,-0.346752228188556,0.9813128485451,0.6874495192364,5.49380559620473
-0.244748738703298,-0.959406827755146,0.412467018426961,-2.06172650869149,0.353720781999085,1.05423784436427,-0.296260160181758,-0.654492217122051,-0.886813844029649,0.0889484120888327,-1.90130062231781
1.19040671611111,0.13550916115979,0.681373416804476,2.95597760584604,0.9613925349942,0.199622861663609,1.13279206421349,1.06369433748205,0.43294305171056,2.06850152271231,10.7621182960033
1.38850342162248,-1.4884231812648,-0.0408763115676815,0.0923058264419604,-0.871911037920266,1.00540986465699,1.38247008420968,0.69302035621502,-0.018261263909875,0.324077960964701,2.16474445336815
-0.191221456910194,1.11166521728022,-0.412096063875534,1.47818045384997,0.278472611365295,1.72203900276514,-0.577808590715524,-0.344469598327124,2.5294695063249,-1.32487243601106,5.33523298387582
0.700969290134401,-0.845845577104978,-0.0706633819360825,-1.45715994494671,-0.100871665366205,0.0491037341558391,0.946756507257328,-1.04989374725479,-0.253423908006414,-0.0223876848595714,-0.828656370023892
-0.0713613897877367,-0.881021061557876,-1.19408476022265,-0.0284121717960803,0.603356488291936,-0.51136388071546,0.352276271785813,-0.781286314383296,-3.03464503671425,-1.87410254460884,-4.94212485961246
-0.75066413082505,-0.607649093051644,0.472109415204683,-1.27103984915575,-0.363407517810531,-0.968533314160804,0.199949014063397,0.794557443002378,0.698653106340027,-0.448623235749101,-3.43856989305326
-0.191225474133801,1.11166521728022,-0.412096063875534,-0.846658501697939,1.40486502735374,1.54011315391942,1.56155867128808,-0.0849925830926808,-0.983846963781787,-0.159637292316615,0.460154420234073
0.545790326543282,-0.694731634878126,0.22682739720212,-0.203352294161392,0.765628668455309,-0.138872450204836,-0.986120981656641,-0.00664617667971248,-0.0812973085338974,-0.510366342167831,2.12335290243265
-0.48017608353695,0.496980349180873,-0.724124266330174,-1.05368500821555,-1.14538222115211,-0.152635965336515,0.589833422631714,0.0273498058708907,0.831087428793162,0.225604729732709,0.624180628398243
0.0654724469723831,0.914169500431034,-0.219047911561036,-0.202060021978532,-0.732356378123077,1.0843562714179,-0.552837210594225,2.55421294669946,-0.506886449050634,-0.786009480169273,3.06566008038566
-1.35046298700658,-0.879916107741003,-1.62832562036125,0.0341030264537583,-1.8272599189076,-2.0383745997493,-1.93610179236445,-0.181379922675774,-2.07110129297084,-3.34939626310303,-12.4551633787375
1.53298840497952,-0.363248390382583,0.809369233156069,0.388969539474823,1.83339559552116,0.744658309708781,0.80651109675906,0.333800658521953,1.71102595880741,2.18661606856646,12.8473010017293
-0.0529967987786095,-0.339772005735161,-1.86509144901613,0.522039872325918,-0.120894513508504,0.609278336188037,0.101369403632243,1.87601408594355,0.313515263397748,-1.47375036016756,-1.3371979548393
-0.914196772648967,-1.9833242864333,-0.876956810826755,-1.28072800656675,-0.188026716796746,-1.02733199963255,0.00680071883804768,-1.09633933310185,-0.233583552735826,-0.590551567326988,-7.44023453815185
-1.30944993318434,-0.203700602884271,-1.35340199603833,-1.20724586273298,-1.18516283373867,-1.18819879042761,-1.96654892468421,-1.61170500211889,-2.06084290437249,-1.0319670011599,-11.4305376184204
1.24203316372352,-1.34391430571581,-0.748771002180062,0.538429617555246,0.808626361357387,0.527520265879019,0.943939543126059,-1.15063453904365,-1.03888668284887,1.21317595106845,0.820680442893084
-0.291963063926668,0.241916471977016,-1.36169626723951,0.41452738852687,-0.659582014297212,-0.240727651482559,-0.399297475673422,-0.718597542728278,-0.11457331297961,-1.87410254460884,-3.90726619923695
0.185475313974111,-2.38634636237826,-1.05113070868807,-1.82446021007608,-1.72516836031172,-0.672215565718771,0.0636622000856664,-1.36876846307241,-1.79949898527863,-0.560241126772192,-8.44872930154485
-1.92654392494877,-0.819471044147385,-0.913659064985481,-1.95923584440163,0.283440512563348,-0.240792143806828,-0.547738060251766,-1.13707979832706,-0.174149547878365,-1.24803716072149,-8.31782292424152
-1.42772343328327,-2.23658693357587,-0.665673566522097,-0.240006428923982,-0.601824121798995,-0.293278025729852,-0.875832764104986,-1.39115986415014,0.505662621447447,-0.53489004643439,-6.5118511509253
0.911310551281937,0.027308004404908,1.19425340512837,1.53984558943063,0.964711082958388,0.58729648773292,0.80651109675906,0.750695890308048,0.66346916915163,0.753683762378401,7.65997109271234
-0.41722689739744,1.12354535439786,0.805744621519485,-0.256908825207051,-0.170998611002621,0.570940851274314,-0.682509369367719,-0.124132481544943,1.00576372501723,-0.0515646442116882,3.1420583126332
1.11058809407418,-0.754103719429615,0.670368673861589,1.79468945810697,0.977812851986308,-0.228326134922565,0.536735008317269,0.165287952145731,1.01181632767321,0.609622355108932,8.18754798571941
-0.962690950518511,0.377832654411669,-0.144070498986575,0.590952763445573,-1.16985296037475,1.56581114847524,-0.098667838086924,-0.40260289234644,0.843591705817359,-0.287268436674739,-0.0961021309470385
0.276899248748424,0.536139425135365,-0.155303131134538,0.445811297483578,-0.226089926304545,-0.187064184534332,0.153614416438513,-0.00840550432183176,-1.38238662394157,-0.426690439568015,0.184470265030091
0.762545028539167,-0.430804593230585,0.404784294742999,0.38254671711169,1.59269984569957,0.190813939820769,1.09911530905698,2.53112631438114,1.13619339513562,2.39027986308374,12.8473010017293
-0.677447670494363,0.630753633412975,0.900094537502886,1.66530020847686,0.684552910314035,0.312506628028287,-0.0259247203195615,0.511961743766522,1.76719646254487,0.0748731728505733,8.95069578524841
0.877462234071288,1.26842422262347,0.676344748027611,0.311132476425946,0.770833675088064,-0.37012694115839,0.747904931872098,2.16906586923063,-0.0256547531371821,0.79743302212538,8.64591802499664
0.35885731324053,0.221984428778648,0.815504029081351,-0.583506076355186,0.342284757478703,0.635493262575485,0.275735353652641,-0.163755464036816,-0.339773939835003,0.0481018815093541,4.17870429852165
-0.0475704249513228,0.0348780945029401,0.0671769695740374,-0.390881528962548,-0.277684947032807,0.503293628637479,0.476275522122434,0.97805100738006,0.298448515396583,0.136147911738425,2.04034041136139
-0.0916045628295134,-0.575636491453474,-1.4578259598869,-1.0480147197144,-0.498542579360321,0.413477764711557,-1.94044083147267,1.07053199687214,-1.36224218778926,-0.166055480698022,-3.50219100026551
-0.814761973461037,-0.332591898927648,-1.50912045473147,0.622927185815524,-1.58168049070597,-1.27022892493213,-0.118487555636852,-2.37519038839017,-1.8051380769946,1.28966118407893,-4.94212485961246
1.19591957645689,1.847877427238,-0.0615194806905335,-1.49885699889107,0.973572490345237,-1.8046943499006,-0.720118421734399,0.332535732341798,-0.438088175354434,1.3117289872998,0.463973875773994
1.49601813539175,0.869480741133149,1.63641252528157,0.581004495508139,-0.891342593464464,0.613944084453005,-1.31721641358235,1.82721201873772,1.8559681584608,1.15030802468469,9.31193900857346
-0.830035831356617,-0.00114464048568716,-0.457374380254935,0.77390767208476,0.78127661947274,1.45910090329673,1.26404647549054,-1.52485543892449,0.74805675199913,0.835675986321964,5.62872330542722
0.0107674176698096,1.09630800732532,-0.297157134824497,0.489775198043022,1.68961475762333,0.491807102877697,0.80651109675906,0.590010504994846,0.319701294355424,0.342399505401066,7.85471711440509
-0.338907798212138,0.111400955828123,0.786538947603599,-0.0406320367770757,1.40045538738372,-0.412482567975214,0.978052851799075,-0.773060933319623,0.377908698855197,0.030717916524413,1.8117771748477
-0.0598542717616099,0.106789277801661,0.656586818394014,0.314607266823489,0.803958316173959,0.696852053130234,1.77866945088798,0.790025392216021,2.06816700896526,-0.0206989610040246,8.64591802499664
2.26703029217529,0.663278596711453,-0.744127165616445,1.65890084414337,-0.514099548722056,-0.501112648110418,0.388755890682946,1.85066213874957,-0.0874804138389116,0.692589553065885,5.95219671456727
-0.00295329159805804,1.06388193931921,0.595602480660889,0.762882372865608,1.29849605935007,0.596430982793207,0.799739623139821,-0.685458643909788,-0.0362444010089321,0.687030911812544,6.77275224564275
-0.444946787137467,-1.59162713860782,0.189584424139525,-2.20802236970338,-0.188026716796746,-1.54188035652413,-0.0946627743494865,-1.1456378178579,-0.800599274622268,0.0198167554905572,-9.61452813002291
1.18134197487571,0.188790309829387,0.022370341830464,-0.229301412744717,0.0484885973342812,1.47161581514237,-0.84802827964959,0.880448891013415,0.352465141044641,0.248000039397408,2.59264688356499
1.02326074613675,-0.738694030324451,-0.11708050104669,-0.203352294161392,-1.0832332414898,-0.146057178984899,0.125240262638203,-0.946745778085072,-0.699919942420534,-0.574417706799266,-1.26357686580134
-1.42772343328327,-0.359258718477959,-0.307831916550594,-1.05983289342371,-0.998085940967164,0.413477764711557,1.07918732817256,0.776685743921694,0.176087833588501,-0.354816643066417,-3.29058760108779
0.159188758691392,-0.296753325735283,0.352417567993005,1.13219202768681,0.225363551913597,1.04721277963873,0.463662866472463,0.592001944186959,0.319701294355424,1.34803141600086,8.68761645941072
-1.07712541392528,-0.116083784998012,1.69868145473787,-0.634509972716854,1.23166907087647,0.542046126979199,1.20458929846407,-0.59487548050296,-0.860645996657935,-0.594050137872189,1.74166397406561
-0.830035831356617,-0.00114464048568716,0.097406027777282,-2.65106653973795,-0.842422771382054,0.75816961288933,-0.391035551660345,-0.593213962717541,0.488935142749915,-1.02735892708511,-5.13246594444898
0.116338739958169,0.230043854176653,-0.123276614916026,-0.231228120417568,-0.92865498776513,1.55299053963624,0.0672992853545452,0.684115692792349,-0.077634660787125,-0.786009480169273,-0.0298410205191744
-0.41267546926825,-1.5490913463032,-1.00373739570171,-0.505991390645495,-0.466426400729521,-1.85135026726964,-0.734106340593177,-1.1873701447012,0.188603692336336,0.0217544648681749,-9.40790492628955
-0.210326605257882,0.790968642325672,0.535893204924732,-1.28133643140707,-1.53773234610773,0.424711160635416,-1.09852149725574,-0.51559675825167,0.0636791085972279,-0.354816643066417,-1.81075275058987
0.642881100113525,1.5960643324389,-0.523959665943137,0.999199993698064,1.65444227073755,-1.07872637511982,0.127040696509931,0.502661343951809,1.44959230098176,0.179826984656059,7.85471711440509
0.116338739958169,-0.664027304624526,0.79572473565046,-0.409860928135691,-0.0884362208960319,-0.0706106884033618,-0.0942089473009118,0.995784666419407,-0.609934485550577,-0.116739117561112,1.00877843134808
1.20831021268899,-0.41734628721447,0.704198354507407,0.139429205485482,1.78075754810607,-0.0555057742251329,0.983408053658233,1.51783767615012,0.236356237616427,0.926808589814994,10.2359304847204
-0.907994797060799,1.09686686944728,-0.616366246911509,0.0261041964796519,0.570330567087167,0.76828104519425,-0.259764505967992,-0.169203271284465,-0.799661773792706,-0.591568186241326,0.926568032896316
-0.500795935080124,-0.183334569193917,-1.99374626933119,-0.0146430310494233,-0.493812861744601,-0.402888931038427,0.224906839395283,-0.602235911642539,-0.0963944136252918,-1.39891439617907,-1.95325660924318
-0.1838036030721,-0.144240662971489,-1.94979927612572,-1.25771421086789,-0.792363260213659,-1.6241638372635,-1.34542861299441,0.751175290303738,-0.317972588805731,-0.549535430868821,-4.18791035997366
-1.83504376663316,-0.227496529646758,0.1129018236101,-0.993024741919439,0.239405225253169,-0.889161562336105,-0.118487555636852,0.569913299174715,0.459618618671035,-0.203278139032816,-2.00220820214537
0.809933625713508,1.43547245155748,-0.483978716109708,-1.35274432630131,-0.672528158971603,1.25548858678307,0.411810998822813,0.937917593126859,1.32806003497685,-0.621660933089345,4.48506573143767
2.26703029217529,0.663278596711453,0.897376483670333,1.14630141347332,0.341959946599321,0.148177370206817,-0.0351023245115826,1.07785233624268,0.78589016035988,0.753683762378401,10.5448191090693
1.39424568533297,-0.72160586550977,1.01158161206757,-0.56948953401882,0.728475010351099,1.27488386446658,0.834408529896495,-1.06699422459013,-0.684904087154752,0.972192940230139,2.88624444658501
-1.29680841816169,-0.203700602884271,-1.26958237256304,-2.16939325080078,-1.01321496344547,-0.680617659533813,-0.0946627743494865,-0.627301923481878,-1.75211710498666,0.245776581100043,-7.72079695194738
1.80847751975975,0.431625727659112,1.58185260124571,-0.255178274953596,-0.868978324182272,0.275573127733938,-0.860645129643156,2.53112631438114,-1.40975928998698,0.481978565983897,3.19284895680218
-0.47152230979499,-1.11030011818641,0.196543274343876,0.464597617032705,-0.430801157535641,-0.272033435999727,-1.63759977636194,-0.114985288673737,-0.503420355268263,1.01098072037338,-0.434949937024902
1.10083673801385,0.137066895167082,1.73772203955911,1.01494975972524,0.913676663940902,1.48583849941529,-0.0351023245115826,0.502661343951809,0.312438007856231,0.812831165990974,9.27666271989232
-0.0440731273499616,-0.799260974306198,1.10010518161367,0.652425868923032,0.81534127730454,0.486193115740296,-0.00775467147790664,-0.619219344248874,1.00576372501723,0.443912225113813,6.44343195272164
-0.424749366615581,1.12354535439786,0.805744621519485,0.0691835318307405,-0.350131305321969,-0.0385281956788094,0.266284256318836,0.518362812428597,0.17890672418753,1.01710704753476,5.21115990961432
-0.928906913427529,0.0423774102540624,0.265888951486869,-0.905121129229618,0.413249616604408,-0.504556800386269,0.440211749966412,-0.773674409992667,0.760955556895793,-0.959761224699803,-0.946466979504329
-2.41788142470795,-2.20612108494183,0.0824771164672335,0.0341030264537583,-0.0259016916852911,-0.469055232794551,-0.547738060251766,-0.54973963633323,-1.51209667595449,-1.35113402235669,-6.02028144011186
-0.0494051082757634,-1.27218163487625,-1.22904637087358,0.0775232871350538,-0.684484426888657,-0.364554982985842,-0.650773886163137,-0.668274615021243,-0.141907385432296,-0.226857461251703,-5.79266428878411
-0.0853333763561256,-0.421802415773358,1.16056986676989,-0.4354735297973,-0.292046693864996,-0.272020947673717,0.440211749966412,-0.503262968755676,-0.269002852523186,1.03920118101424,1.69006335050235
-0.759408759123748,-0.065145869975482,0.301254510670992,0.861269363680285,-0.03157396443264,1.24915443925411,-0.292868591177316,-1.51321268926441,0.0562755537517909,-1.23816730239987,-0.574483911568681
0.297138694050901,0.566896983462342,-0.364482212359315,-0.408250635578756,-0.184718377258877,-1.40954934498271,-0.893661755677972,1.13298948031744,0.723134308835603,0.498927153066716,2.65827726387711
1.57422268645864,0.283877007146234,0.0309355289073457,0.786040192944101,1.71923292877407,1.0471709132454,0.190166519004614,0.750695890308048,1.45349635115217,0.505124365738887,8.87664227449124
-0.588775505291182,-0.296726640254412,0.316513375563607,0.861269363680285,-0.465296307860108,0.22640648387622,1.02263445110553,-0.87768545752189,-1.01926574634495,1.61155405264109,0.463973875773994
0.276899248748424,0.390671753489533,-0.037760823504911,0.0961943233820162,0.79467862358799,0.421332939891732,0.787975486382449,0.520173666738724,0.352465141044641,-0.257231480544927,6.60248405592133
0.675285779371191,1.22340384398385,1.80663929863015,1.84593839636676,0.87559074874161,0.276856621593615,-0.87069383162688,-0.301159701082627,1.728950518213,1.40225306323714,11.7148383704733
0.38437655641346,0.377752450445019,1.50679654155752,1.17491341960583,2.52107168891381,0.473294185166766,-0.551999745806381,-0.0662805489393289,0.449245999433246,0.812831165990974,10.75053871995
0.527425038814616,-0.319767503968991,-0.123276614916026,0.180365186905207,0.325834376386738,-0.0645325285281044,0.152628093784148,-1.15063453904365,-1.55611950203907,0.676824693312837,1.72122932305679
-0.128346868086173,0.351778979275977,-0.145744644293067,1.19544146047529,1.07977305272598,0.811891589040754,-0.125738820118565,0.0294066819440732,1.92451147964929,-1.52123409321023,6.60248405592133
0.38437655641346,0.377752450445019,-1.42458122818327,0.464597617032705,0.356165412887125,0.284899451394994,1.77866945088798,1.414419864094,-0.552615574787215,-0.687268834333431,2.44744766418786
-0.250363558257209,-2.45960044393946,-0.197361313244327,0.610531346215874,0.155394950686203,-1.19874261375511,1.91101331679945,-1.00683109413797,-0.620568783468929,-0.426690439568015,-0.56833517208821
-1.45806950087211,-2.37301601308727,-0.598444524606338,-0.977864691069962,-1.05257021771499,-1.59173854653608,0.0636622000856664,-0.144317331118502,0.233318685875288,-0.253807456686398,-6.00906174923929
-0.187304548752227,-0.144240662971489,-1.35568612439659,-1.52411514557917,0.493397272454595,-0.319024833605454,-0.7424352887477,0.886511833720873,-1.06800816289593,-0.354816643066417,-6.34856990819176
-0.878239856287382,-0.0946569931985667,0.412467018426961,0.264365440770155,1.37871168160326,-0.329226741742989,0.119934911446824,-0.205036349064165,-1.10620853204124,1.98210394082148,0.691866383518107
0.585963195491005,1.21021887988079,2.36850518427853,0.0960105550129909,0.154894571376976,1.03309943289836,1.00815392115675,-0.512678030462006,-0.0921602599151451,1.84386855759856,8.14644946409603
2.95811946812307,1.26759063321311,1.63254305325949,1.66047594540093,0.500612695551349,1.79299228630636,1.33427547125329,2.11465278891551,-0.0830914325300108,0.86487108769485,15.8170548895856
-1.42772343328327,-0.275653983804492,-0.693023824908545,0.610531346215874,-0.767423876899978,0.521181706981086,-0.80900980740137,-0.729117696294358,-0.264408292770545,-1.36746093833185,-4.94957699491413
-0.445626813126565,0.63019766696694,0.656586818394014,1.1072681560706,-0.893675357923288,-0.196165628232899,-2.13941713987314,0.147859417732653,0.0381617649038897,-0.114291073453541,-0.113133212685742
-0.133928552766781,1.54018593160372,1.76784774226868,0.167395592370721,0.597292515282981,0.263523261045165,-0.591354122095075,-0.56951940872734,-0.83485259499447,-0.523809470433906,1.18807745485051
-0.814761973461037,-0.332591898927648,-0.439016727460324,-0.690778808770493,-1.12427285600715,0.636717858005467,-0.342214304634612,0.0308935963845583,0.509826134994818,-1.06523912790939,-1.57079387035622
-0.736969050991007,-1.81854296506255,-0.341521222430132,-1.28468474937415,-1.18856316102879,-0.240792143806828,-0.0946627743494865,-2.09747438498851,-0.414836481759149,-0.907129758127143,-6.47501248007175
-0.0440731273499616,1.4728501267283,1.1056035902471,0.931309058274975,0.977812851986308,1.59312207514665,1.80895253646856,0.762617384914192,1.23965260493732,-0.623396986684415,9.62392600308044
1.52722630291888,1.27907202681297,3.53454154794078,1.86724755192514,1.37174477165316,0.696716292162208,1.61562078219932,-0.308332195034768,1.08149356670399,1.50228782431382,14.2428705941934
0.27614484369137,0.536139425135365,-1.42458122818327,-1.20231870139191,-1.77015628840729,-1.50216350142741,-2.2846280845788,-0.327167506389049,-1.87478627415024,-1.34238517059192,-5.95422724503177
-0.47152230979499,0.296340882601696,0.786538947603599,-1.14004086423257,-0.232025209633139,-1.29186968469506,-0.798305488179288,-0.933062277364945,-0.558147353765327,-0.157598184517347,-1.69403484093742
-2.55755059113758,-2.20612108494183,-1.7339411326447,-0.900046029351769,-1.57996247180714,-0.519720601695218,-1.91790177081439,-2.36677441019343,-1.12482999253541,-0.870198265830432,-15.5482529202838
1.07254504167318,0.944886268137106,0.0309355289073457,-0.463291688136492,0.45687384323541,-0.412482567975214,1.69157362938193,0.0443066930401608,0.46529168998663,0.479186704557484,5.52366762566301
-0.0636078238948606,0.379671727178647,1.42546006892644,1.00851794796979,1.78199335545966,1.4176625010884,0.258278265115202,1.05366992779676,1.68002655091231,0.718741617887746,12.0717805789272
-0.742989147051174,0.106936646420176,1.19945992154175,0.314607266823489,0.318419735091552,-1.2679593591609,0.476275522122434,0.839708902130146,-0.983014110508171,-0.276689239609004,0.274168962602864
-1.2340191515354,-0.419057567550851,-1.258542890478,-1.30630523100566,-1.92499896154634,-0.21859586365664,-0.913277426904091,-1.70565895694073,-0.911823806026874,0.0736651906946945,-8.24584513660879
0.188244167010106,-0.603641665938221,0.0944300186544896,-0.842432113556204,0.428082908560711,0.872581798080242,-0.346334147836478,-1.04989374725479,-1.12940572273802,0.015585891951453,-1.73745464238637
0.732555539148007,0.172042461226646,-0.519231057936297,1.69618058333206,0.920102071330871,0.0725718481186212,0.799739623139821,0.794748596141238,0.319701294355424,-0.374956598358661,5.82692608711833
-2.41788142470795,0.00515815434195226,-1.46941508460909,-2.10237547087465,-1.89683005441203,1.04510789037469,-0.752987244063964,-0.569765451257442,-1.08714706095171,-0.666345098512008,-8.24584513660879
-0.290703929800912,0.241916471977016,-0.997958465702348,-1.78077651381581,-1.68078578240844,-2.0383745997493,-0.0946627743494865,1.13185593194672,1.56947613357446,-0.166055480698022,-2.79378467409171
-2.08491334418091,-0.586498516158225,-1.35098950915574,-2.10237547087465,-0.682486830001033,-1.71937373925738,-1.1673123041696,-0.144317331118502,-0.911823806026874,-0.160496896047624,-8.70969193131394
0.783854240966316,-0.729935263106247,-0.748771002180062,-0.739316761897982,-0.890711399235403,-1.70879508605153,-2.02256914829419,-2.12204428448879,-0.299450241545401,1.30814641465778,-7.52545321581201
-1.27022065652045,0.178884432179419,0.0574604858091589,-0.662857396107003,-1.9881326655882,0.544674345613205,-0.834323504499931,-0.291147923776375,-0.437097576353831,-0.546741160075779,-3.90726619923695
0.620178909130133,1.4443749256841,-1.29611834832203,0.937645561188043,0.113282041649148,0.0790601391285173,0.116462983612824,0.167330160622897,0.0806122784267633,-1.19990532941797,2.53545008504132
0.171524756181755,0.897733393482461,-1.04644718175946,1.54873093694229,0.62843916044913,0.946387087964968,0.537851787180823,0.168419671353679,0.551575868238906,1.26968788302112,5.76047595481174
-0.161557202849061,1.05129049959374,0.630672882684255,0.723406401305512,0.056988063012795,0.556097984606178,1.26404647549054,0.460673235905874,0.679271280251645,-1.01899363190431,7.05260876972341
1.4053280884397,-1.20014516906024,0.686055084895315,0.999199993698064,-0.858815459964801,0.595420489547743,0.599020002047492,-1.52485543892449,-0.269002852523186,0.248000039397408,0.930782920255505
-0.907715880725391,0.965699538679149,-0.639933315450872,1.46639279311237,1.07977305272598,-0.741755606254259,0.10422650297761,1.18348506681261,-0.0767589097857622,-1.31273019940071,1.74166397406561
0.085266725340083,-0.937693484828732,-0.264160069488615,-0.514699200035929,-0.763165345309471,-0.29126675371792,0.435624518960899,-1.25586204029181,0.344178408294715,-0.322086655368113,-4.30966173767468
0.54327915647441,-0.820439450306753,1.90455893032075,0.388969539474823,0.333497907884979,0.366451480754732,0.213335046614199,0.766239658360515,-0.180668886296211,-1.52123409321023,3.1420583126332
-1.39951134655046,-0.981546186556675,1.40308948011295,0.861269363680285,0.626377772715498,1.15843469986261,-0.0395907643662232,-0.40260289234644,1.32806003497685,-0.027905742825798,4.07641142553394
1.24203316372352,0.281236497474274,0.695962455322567,-0.20118722948096,0.607253955699199,1.53033134511842,0.505750568311959,-0.665532563739074,-0.799422959479151,-0.487283174780582,4.07641142553394
-0.494841713252267,-0.735371305565106,-2.17302541988009,-1.57814695802713,0.557335263419534,-1.98931282598282,-1.36387760189485,-1.83664258084416,-0.491679904034941,-1.20417300996857,-12.1950188435935
-0.907994797060799,1.09686686944728,-0.616366246911509,0.0261041964796519,-0.347208736446918,-0.255435195955127,1.02263445110553,0.242441336762795,-1.45656640189893,0.107880766793895,-0.344669358676731
-1.35209021079363,-0.510411330472013,0.953460491506703,-0.905121129229618,-0.874984563933242,-0.152635965336515,-1.34542861299441,1.28942196640727,0.0562755537517909,0.242441771118319,-3.03054423933884
-0.432810211737988,-0.790348707848704,-1.08073514144432,-1.1383228500683,-0.746956470449071,-0.77466641438689,-2.2846280845788,-2.07359892726435,-1.99314700846298,-0.311649210414719,-10.4009665285465
-1.98704541569308,0.0319586548105158,-0.977980302385872,-0.0146430310494233,-0.100871665366205,0.207925309422827,-0.422266824270728,-0.720731487614814,0.235375380551656,-0.190509652510268,-2.35211661835911
-2.08491334418091,1.45607283765384,1.21579382104493,-0.0105128073356684,0.78127661947274,0.983615271385002,-0.260833764923647,0.347164425904709,0.20289177481782,-0.586564157097455,3.71880834831499
-0.471196071113175,1.54251740227136,1.50679654155752,-0.259182445190871,-0.111360819528705,0.37691262873175,-0.123587497160733,0.790025392216021,1.08285909741934,-0.439279620202557,5.9951721396888
1.20701961291824,-0.418846552725344,0.704198354507407,0.139429205485482,0.852305889019212,2.69724425035725,0.145716765480672,0.573243950440525,-0.239368937861703,-0.587019938418082,3.57038486227428
0.665970528803294,1.47277199648252,0.429819598571248,0.243231574739441,0.597292515282981,0.0725718481186212,0.747904931872098,-0.0662805489393289,0.541905654673191,-0.453041860785061,2.62039940053226
0.980658466282858,0.315976320190786,0.433526131565027,0.353201989720659,0.588842979320327,0.489651916452159,1.07932801155128,0.0636171948593558,-0.0362444010089321,0.0748731728505733,2.75868348319218
-0.171512409422925,-0.381429281603252,1.9760129175798,1.23419773410007,1.29849605935007,1.0744263265512,1.19246034789646,-0.426096193862936,1.21387986803571,-0.623396986684415,12.6435858712594
0.911310551281937,0.027308004404908,-0.653752478254082,-1.17747496520622,-1.42942972177796,-0.152635965336515,-0.314193712353685,-1.9757222366779,-2.03305220678083,-0.512971195075742,-4.71696107835157
-0.321189465181288,-1.11396844362046,0.381312616455186,-0.692369223227726,-1.57835673895006,-0.223098917988936,-0.0474730100051957,-0.124797507450062,1.60271457071723,-0.32692436655977,-0.726905074710718
0.54327915647441,-0.820439450306753,0.352417567993005,0.0693580202565958,-1.40772006155025,1.11962168141462,0.483080648109402,-1.75173851348796,0.00511963314643336,-1.14133367784605,-2.22790876960095
1.17438248670914,-0.131500987137248,0.236350835426275,-1.26332485883751,0.293442882808646,0.657552413790931,1.02991924727029,-0.163755464036816,-1.38238662394157,-1.18703569431839,0.00618550150607594
-0.581176665637706,-0.541283157859953,1.93550393707136,0.287361114270657,0.973572490345237,0.218737926850828,-0.819450497748389,0.652150336288828,-1.18327380722779,-0.760229266372219,4.27988051760999
0.495100542417745,0.169514248648383,0.761177346273769,0.468869605705196,-0.0540481453016684,0.495932749837671,0.978052851799075,0.511961743766522,-0.978072367193583,0.248000039397408,4.94576890903979
0.38437655641346,0.377752450445019,-1.42458122818327,0.464597617032705,1.24242868658908,1.02246231373682,1.65206412786309,1.03357237863616,-0.978072367193583,0.481978565983897,5.9951721396888
0.98089182742995,0.315976320190786,-0.754271790702391,-0.514132652246291,0.58373603111987,0.330441772907094,1.2432074703583,-1.50557747136233,-0.513654194228905,-1.31273019940071,-4.2346272520069
0.877462234071288,1.26842422262347,0.676344748027611,0.311132476425946,0.928524812137209,1.37945203864094,0.514481353987196,0.0467342387475223,-0.177572564075699,2.12273119983257,12.1308324221738
-0.904817284290564,-0.111422269738484,0.765597912596429,-0.24590036015835,-1.01411841653311,0.164171433246579,-0.650773886163137,-0.661650793714749,-0.0991461391735298,-0.669404835485573,-0.847807914949021
-1.48119573337207,0.0518322447795368,-0.411549992996782,-0.756724970128509,-1.32184046429135,-0.584526707999763,-0.715164047522162,-0.597608032764572,0.131172214914867,0.291400547293238,-5.0452566393407
-1.2340191515354,-0.419057567550851,-1.00373739570171,-1.66308845203834,-1.01809056587201,-1.8333093777891,-1.08531249371216,-1.06397287926861,-1.79949898527863,-0.993567460980985,-10.4009665285465
0.783854240966316,-0.79312527426461,0.346422877733661,0.179259674538957,0.230694135432106,-0.417963741570364,-0.584118267400443,0.712099801467782,-0.648741391412517,-0.517781001249805,-0.868268890660776
1.42554333066639,-1.3576295706776,0.399382325588155,1.23548066728223,1.83339559552116,1.04366914698029,0.875572842320939,0.168419671353679,-0.210093517791383,0.812831165990974,7.63413747621625
-0.588775505291182,-0.296726640254412,0.612977037890229,0.241195630132717,-1.67764312127824,0.664249000725148,0.783026705011221,0.288322695620482,-0.0119993506933444,1.12013494577084,3.06566008038566
0.297680257018734,-0.282392516814628,0.278560097599861,-0.0512296841671673,-0.590221372148032,-2.27913947531983,-0.218305067681337,0.501367545456712,-1.50646968050922,-0.32692436655977,-2.79378467409171
-0.835045381012625,-0.00114464048568716,1.38890465746068,-1.38843142382467,0.413249616604408,-1.50155085025187,0.0657129995086627,1.35378374116161,-0.0109869240665344,0.559329513679541,0.905232015608526
0.0810274923175268,0.809441277818201,-0.155303131134538,0.0961943233820162,0.803958316173959,0.944735970783349,1.65692366206932,0.191265610409855,0.491595908603565,1.45945519725313,8.163517863473
-1.27022065652045,0.677538255090213,0.0931028989266928,0.928724399696495,0.355794128715854,-1.53062013926916,0.623218329079539,-0.957825299524111,-1.39568798719323,1.13880702823557,-1.3371979548393
0.2719591140577,-0.450655981580408,0.352417567993005,1.36217402892922,1.2209179150253,0.556097984606178,1.19246034789646,0.160362832715071,-1.1073605908304,0.539784731008663,5.33523298387582
-1.30944993318434,0.0162707055283793,0.228256316584886,-1.69933173182246,-0.119239166455876,-2.01809049838431,-0.94152735511829,-1.13462026714623,-1.12225905736832,-0.549535430868821,-4.96479629339252
0.663311042239704,0.0254878651526691,0.979574502844168,1.39674363461103,0.831610198395383,0.0772072887868237,0.766361810131385,-0.299327877992647,0.815418300800338,1.4326569445605,10.2359304847204
0.432048920982466,1.37526295862324,0.456249014084569,1.99085210828304,0.405544812131146,0.458475569577059,0.689246237587839,0.838309480103529,0.205827167448783,0.377169523364918,7.41729512882505
0.0767226754119014,0.809441277818201,-1.22797574568969,0.538429617555246,0.0484885973342812,-1.03183904963196,0.879700968101249,-0.242225690581359,0.59366056924661,1.44798677333855,0.157030793711389
0.56838527741886,0.0309207541689341,-1.23009688045464,0.746728489884354,-1.78406457187403,-0.230681745134646,0.381750175388189,-0.773674409992667,1.60271457071723,-0.266388275753821,0.184470265030091
1.23607259467388,0.595996085030133,0.832597924176028,0.311132476425946,0.818317273065839,0.0868984468618137,1.01813179996261,0.611954064238394,1.63146304855755,0.836465850001108,8.87664227449124
0.527513657467119,0.453129407635746,0.694900154016321,0.0749293410558461,-0.374948470006407,-0.126167061198245,2.11652063904352,0.912563215392966,-1.01218917798678,-0.027905742825798,4.60261211853949
0.345936608265413,-0.514179753561073,-0.951724030061536,-1.05131915590037,1.0822202350858,-0.000818574205017957,0.163031298302298,-0.988737537863002,0.391231784403758,0.0535399327631981,-0.043794754762952
1.57422268645864,-1.03352710442291,-0.297157134824497,-1.02177108535434,-0.884318962813462,0.826307794206934,-2.05419857995428,-1.47080148782394,-0.911687201154813,0.298516504029,-5.37168585064116
0.38437655641346,-0.783207736024557,-0.210941293137632,0.00324130174272791,-0.219328948464404,-0.401485407706104,0.111435586234634,-0.88717981883185,1.60271457071723,-0.106887016401785,0.508654497808908
1.46206359018887,0.945004772176231,-0.829114248792809,-0.955102345898902,0.903959340009679,-0.606026745459004,-0.847470464117756,-0.00349004368854778,-1.03536904351959,-0.873528605311288,-0.828656370023892
0.547885834346347,0.822420984008978,-0.23275487848801,0.38254671711169,-0.0498536983489839,0.696852053130234,-0.96504226994088,0.592001944186959,0.186954013655298,0.67335457297534,3.43726301725935
-0.16556611886001,-0.983786540802909,-1.19572844656586,-1.48073871592386,-1.37832823668497,-1.54188035652413,-0.0946627743494865,-0.375499085993055,0.505662621447447,-0.67073075885221,-7.09191569884831
-0.640786652185456,-0.553295132318399,-0.806208137857693,-0.364181844678979,-3.05933018762257,-0.473106154005941,-0.237744787807115,-1.25774876827951,-0.768080120173062,-0.45654226201726,-9.01187407709319
1.39424568533297,-1.4884231812648,1.53684795717735,-0.56948953401882,0.626377772715498,0.760129378840073,-2.13941713987314,0.995784666419407,0.726945773957598,-0.703664050116677,0.850344663626771
1.23607259467388,0.560658966045778,0.130332405312075,1.65890084414337,1.31843657297867,0.380137847442345,1.53211744221813,1.06369433748205,0.653725259680688,0.956850781338172,9.62392600308044
-0.445626813126565,-1.59162713860782,-0.693023824908545,-0.110003791826769,1.3262463888022,0.177192976703185,-1.99763553956532,-0.597608032764572,-0.794665983159795,-1.78480335206809,-8.36426892609636
-1.07209036123534,-0.116083784998012,-1.23813366729861,-0.101814418441376,-1.77620398019754,-0.584526707999763,1.07918732817256,0.289116885460189,0.0281167445711156,0.0217544648681749,-2.68778071905703
1.08379192121485,0.0994131832256778,-0.162290328630529,0.795238024345148,0.297168162982647,0.356920874845549,1.37121235864881,0.332535732341798,-1.05484513319683,-0.861997723135754,2.19777912420307
-1.2340191515354,-0.419057567550851,-1.00373739570171,-1.47617105472323,-0.504155320038524,0.0461380667200372,-1.78773714714396,-0.728249527183856,-2.05247738206537,-0.503393388655286,-8.24584513660879
-0.700606481028716,0.45549345477442,0.79572473565046,0.652425868923032,0.39843655149742,0.41637210662209,-0.877209229323118,-1.11770564894776,-0.106639999627044,-0.276689239609004,0.342143334083015
1.32762286270881,-1.54217802176294,0.232331722489692,0.343685229681524,0.364073245704244,-1.54788703093972,-0.975371793331011,-0.51559675825167,-0.854917243545913,-1.57659207297962,-1.77237457145744
0.152738299256455,-2.2675325321827,0.232099637185957,-0.529957930414677,1.05792085353307,-1.22554026529054,-1.49870414468856,-0.761487400737562,0.0138114840831257,0.24279775447771,-2.81305258573185
-1.63125863151038,-0.605078877011747,-0.341521222430132,0.602306166116144,-0.430975863653803,0.373103010351573,0.652997099430811,-0.619296609522981,-1.03888668284887,-1.03111136030537,-2.35211661835911
0.285516580735254,1.11354565333971,-0.651441139799603,1.20626565695068,-0.364371509962428,1.2202223040674,1.05124739836021,0.794748596141238,0.214340760928712,1.59346387352089,12.6435858712594
-0.161557202849061,1.05129049959374,-0.412096063875534,2.2097986471114,0.420698840270802,0.659341918846504,0.47245167341762,0.702597277241575,0.959610000153733,0.171964391957494,6.48431439424107
-0.696216803320173,-1.25326256658555,-0.693023824908545,0.395762055797625,0.453655907412417,-1.473023543741,0.125240262638203,-1.15307523183024,-0.141907385432296,0.0695948127313287,-2.32499160255368
-0.259474479938273,0.227313292639421,-0.761113928995261,0.999401406971597,0.564190093912353,-0.126167061198245,0.525404535038044,-0.211090229932757,-0.204639064614368,0.138356743946399,0.449573953335969
0.385457611660025,0.335395485002083,-1.20402001939654,0.684894659183789,-1.00141728147656,0.527520265879019,0.101369403632243,-0.231087650504523,0.613124336475642,-1.10247051887326,0.39314131712976
-1.51998032928587,-0.651098890276765,0.1129018236101,0.557193100100099,0.276915504827662,0.123345171820178,-0.795958791516872,0.886065547979881,0.607372555084261,-0.746303166474465,-0.574483911568681
-0.953546617242174,0.596520348726852,0.754704081938988,1.8861446510409,1.07401367485287,0.194413459367554,1.14056984540206,-0.806288209312276,-0.824132671370037,-0.139023697087828,6.60248405592133
0.277121908736448,0.536139425135365,-1.42458122818327,0.259216406742401,0.487519727957102,0.705184604724524,0.719030594459261,0.541607366975376,-0.69875614024235,-0.106887016401785,2.84601760133758
-0.1838036030721,-0.806290389450229,-0.660726415168618,-1.94443506340567,-0.753040008139289,-0.982296747289335,-0.948206697854899,-2.20078211534646,-0.299450241545401,-0.904894544300217,-9.00618118523437
-1.39951134655046,-2.18176739389258,-0.0837172400159369,0.83848872312094,-0.229387480439819,1.12768607013345,-0.353681774411817,-0.158630192612648,-1.01661072307596,-1.35639184313087,-2.81305258573185
-0.376358354341991,-1.37084212606182,-1.08448438136562,-1.15017001347608,-1.18516283373867,-2.23062905096227,-1.6469576108268,-0.963840810761669,-2.06084290437249,0.245776581100043,-10.4009665285465
0.831505300463849,1.00078515125016,0.107817096091295,-0.483916894498454,-1.96330327652808,0.0153905794045576,-0.800984055005351,-1.25983116878972,-0.296147662110771,0.950870532897751,-2.16736375662481
0.844295026437298,0.261047673125986,-0.48730428707457,-1.09434955488886,-0.534246907188704,0.63455553624389,0.129519576593328,-0.383354948982716,1.13787859098491,1.03920118101424,1.65359677936444
-1.64881296114093,-1.23536566464498,-0.352542576027009,-0.303148079545265,-1.7158537320928,-2.0383745997493,-0.938143735048982,-0.963840810761669,-0.858213464873719,0.0511294801950021,-8.24584513660879
-0.981495797439803,-2.626986264765,-0.015248384943069,-1.30630523100566,-1.05257021771499,-0.580135603434877,-1.21053031413088,-0.643305466104868,-1.70926913163777,1.28966118407893,-9.26302700948082
1.9281179775427,1.91563305836011,1.41177614825739,0.447789140432043,-0.317774079101161,0.980211894962611,1.031598297923,-1.21478975437548,-0.344651856309229,-0.379461881697047,6.47054235439128
-2.08491334418091,-0.586498516158225,-1.35098950915574,-0.977864691069962,-0.506887940071019,0.332554222957643,-1.34542861299441,0.833149161299264,0.391231784403758,-0.101530470499612,-4.91392431798875
-0.161557202849061,1.05129049959374,-0.412096063875534,1.47818045384997,2.21293368260012,0.58729648773292,1.13279206421349,1.58601288690273,1.89192478071846,0.710966286098912,11.103576406251
0.129138269830445,0.0252973313220306,-0.279844281549023,-0.601318502956578,1.98782950584233,0.284899451394994,-0.941772993197404,-0.669128931846429,0.698653106340027,-0.1695886590436,-1.30959667678248
-0.250363558257209,-2.45960044393946,-1.42699613683982,0.0341030264537583,0.239405225253169,-1.45708977791308,-0.831962634986469,-0.806152898528284,-0.185625344922068,0.081535499871373,-5.19983330934947
-0.907715880725391,1.09686686944728,-0.724124266330174,-0.405513012620015,2.20224310400464,1.02246231373682,0.380810025196975,-1.7059107925271,-1.01661072307596,0.481999581208937,1.69006335050235
1.20551967212914,-0.41734628721447,-0.00953377731963027,0.838070850334713,0.588842979320327,-1.26304780653468,0.459201371814579,0.471844606258747,-0.327031121643387,0.545530346495828,4.02255468989044
1.33840407424857,0.148682805292189,0.371622903717741,0.729760342115491,-1.01840793506249,-0.632105155912841,-0.257019053371585,0.680832175733763,-0.901991709219963,-0.00811831069307128,4.30044606198311
-0.0835510925681361,-0.421802415773358,0.879885253978015,-0.707609391791639,-0.457169997808924,1.00019056092176,-0.538530682687377,0.898619433570128,1.28015471403801,1.08773624506121,0.74924533972099
-0.783702621810383,-2.14408763413238,0.0287793752232171,-1.01728406942983,-0.753040008139289,-2.36246870911078,-0.378981394049746,-0.477770670863252,-1.70926913163777,-0.954352402032573,-10.1954926609063
0.36083946697576,0.423188005020423,-1.22797574568969,0.399655688351204,-0.229010988576007,-0.490853912264243,0.631905298798905,1.22258997369439,-0.348402922990613,-0.890023626244109,0.342143334083015
-0.380416756293872,-1.14967531248039,0.0196102108108463,0.0493578297621333,1.7468005032772,1.56581114847524,-1.35584109575047,-0.309668278190274,-0.106639999627044,-0.157061499021711,0.221148610663275
0.920880112264404,0.0931872178903351,-0.524509071995466,-1.02177108535434,-0.534246907188704,-0.507475834251203,1.0862876797578,0.951934946090235,0.638308675802708,0.104688044455387,2.84601760133758
-0.33634871761205,-0.893548078011346,-0.24881787740793,-0.0505974753783259,-0.608142940586241,0.177192976703185,0.224149499393484,-0.064551976760715,0.0346811237188758,0.361406109638988,-1.32743281119725
1.31852033796363,0.948972940484438,-1.09393789264088,-0.176202979260801,-1.48234721081876,0.343361938165448,-2.66948388088912,0.715449263287187,0.0665045193934904,0.782440820335073,0.779286659730291
-0.0529967987786095,-0.339772005735161,-0.283313758292903,-1.80743614848547,-1.12441570536802,-0.659431754334106,-0.547738060251766,-0.857509583255715,0.799801065933087,-0.123086751819438,-4.10657758913531
-0.133928552766781,1.54018593160372,1.76784774226868,-0.801251608137643,0.569375035302391,0.304033920037647,-0.26198842396426,-0.0129092741252478,-0.673472544658292,0.304694735099889,2.26833451050908
0.545790326543282,0.822420984008978,-0.282434731846144,0.466459435588036,1.1678659604184,1.68457805104343,-0.0954949175988436,-0.583616984760439,0.155617884563381,0.443912225113813,5.96697384024482
0.491683209330592,-0.542907843429657,0.74781844670956,1.11967238589483,0.706904796393873,0.768718066965167,-0.591354122095075,1.04604413600565,0.339993058995444,0.473691794602757,3.65304939814118
0.022207790215195,0.288537382728863,0.983931779789861,0.0691835318307405,-1.78406457187403,-0.559304122355312,-0.141753993788378,-0.850307621406367,0.729665028565011,-0.868035863052617,-2.25331493955008
-1.44325628545234,-2.23658693357587,-0.665673566522097,0.487402930684666,-0.886374377120953,-0.659431754334106,-0.391035551660345,0.833149161299264,0.100340263230235,-0.0518535289875124,-3.90726619923695
0.491683209330592,0.448716220817937,-0.962959916659403,0.401510697562513,-1.13685311994892,0.979587315852387,-0.552837210594225,-0.664996520688805,0.238043793339546,0.553210555096319,0.623236325130087
-0.0835510925681361,-2.01484582568749,-1.38656950829232,-1.8153058554649,-2.31132403009069,-1.47232378181412,-1.91790177081439,-1.59959313769742,-1.12482999253541,-3.34939626310303,-17.287933972348
-0.99226195021802,-2.45129810143743,-1.65110033881951,0.182463377994931,-0.569796987103926,-2.0091358207998,-0.664766202289577,-0.617987593690099,-2.07110129297084,-0.858278772828699,-10.4009665285465
-0.99226195021802,0.404005869466616,-1.19408476022265,-0.0333804095120333,-1.14032599174406,1.04125311943554,-0.626030843345798,0.562876054457612,-0.722785857950245,-0.838631859039247,-0.515909621886137
-1.65157328267991,-1.23536566464498,-0.352542576027009,-1.10875874782541,0.424988357857975,0.608417648648094,-0.605133519463435,-1.1456378178579,-0.334405835509539,-0.0518535289875124,-7.86088389314353
1.01868507239699,0.583359210814483,-0.779854136482155,-1.1418296717309,0.235715424517521,0.828493741462002,0.928735609493464,1.414419864094,0.861482436008979,-0.386388597658247,6.11653872718201
-1.63125863151038,-2.12680440310657,-0.598444524606338,0.470546833679338,1.00615040876364,-0.534769608254385,-1.56418576757137,-0.753992849292446,0.672684220614355,-0.669404835485573,-8.20966656252171
0.2719591140577,-0.450655981580408,-0.835350827022773,-0.558133028801665,0.326564837757783,-0.810440420158631,1.22719262584148,0.749718246982231,0.799186253312838,-0.106887016401785,-0.457311243907954
0.129138269830445,0.0870731572391878,1.20362744110969,-0.148847068843978,-0.465296307860108,-0.804208602991737,0.381750175388189,-0.376163774557873,-0.106639999627044,1.98210394082148,2.06078359803349
0.00494107842769454,-0.739941501695912,-1.38631271244566,0.707213032378429,-0.292046693864996,0.417394265548362,-0.11120801521227,1.25689583403769,0.138662075410294,-0.619725084038242,0.39314131712976
-0.878239856287382,0.171097086309447,-0.0449921073539936,0.6863844315737,0.487504582138068,-0.487824251565268,-1.00091936905382,0.715449263287187,-0.0418155352979812,-0.615900313028429,0.28656931864602
-0.342053773223575,1.04825911319087,0.399382325588155,1.21715079560671,0.509542853511213,0.855770200148259,0.962748646307233,1.2648104720481,1.5342068059834,0.552540508590558,11.0509582444226
-0.30387198400235,0.18498133388699,-0.533518610414914,0.590952763445573,0.230694135432106,1.27488386446658,0.0129498078427717,-0.205036349064165,1.04047677735544,-1.18703569431839,0.486460269562162
0.374459296766786,-1.09531207906487,1.88501373222363,-0.896341419475921,1.68029293862034,-0.80393682614868,1.18212502703334,-1.06129218833138,-1.02057491820203,0.926822127810514,2.51407502914921
-0.133928552766781,1.54018593160372,-0.524509071995466,-0.646806927902369,1.06366928923873,0.929615078690224,0.894562472539774,-0.187272666340705,1.28015471403801,1.35416387611795,6.2960133768617
-0.127478324910952,-0.330434382840003,-1.15489356451196,-0.993024741919439,-0.595140791844635,-1.2055161533678,0.728218186019441,1.17206518859551,-1.12940572273802,0.501586527366059,-1.45526629709094
1.01903002116555,-0.928419257728541,-0.959458754055339,-0.275956968753922,-0.534246907188704,0.177192976703185,-1.23149962890443,-0.0404924786761002,-0.178701491015175,0.0283642547641006,-1.0431426639499
0.529290172526277,0.701555724996629,-0.48730428707457,-1.77649151469071,-0.493812861744601,1.46006209293866,-0.0406705534717804,-2.07897188893942,0.258518886673183,-1.31160795590112,-2.68778071905703
1.01868507239699,-0.928419257728541,-0.67152016681371,-0.293975225484778,-0.440551036640278,-0.652861971552159,0.721399441598503,-0.988737537863002,0.265611614624499,-1.43947116457197,-1.00259512887229
-1.32018288403233,-1.11242724600716,-0.608826191461179,-0.638672813845265,-0.0910336059346195,1.05423784436427,0.870625878255262,-0.720731487614814,0.760955556895793,0.236494720059524,1.75215173330512
0.103128440074336,-1.34769273998377,2.17067335518744,-0.89786517517133,0.378049363338199,0.828493741462002,-0.538530682687377,0.957122391136438,-0.454404175739316,0.449562799957064,2.20097027743698
0.151098507695588,-2.2675325321827,0.042009781921289,-0.144199807215431,-0.249291321220718,-0.384344167964318,-0.342214304634612,-1.98413949035271,-1.20298859025499,-0.46603417262842,-6.00078185579064
0.0168279768935649,-0.681131462435816,0.641667524062531,-0.514132652246291,0.130476669301333,0.405999087710915,0.195998614675825,-0.954294444331845,1.18665385410896,1.83559350115432,1.28209266656424
-0.33634871761205,-0.893548078011346,-0.24881787740793,0.213626854146452,0.786165401558496,0.319633870391126,-1.62348586807666,-0.514690978964877,-1.40873435552869,0.409631344376547,-4.62749190843226
-1.98704541569308,0.0319586548105158,-0.145342270693473,-0.316996087078244,-1.12427285600715,-0.152635965336515,-1.36387760189485,-0.0816836227464395,-0.253423908006414,-1.85778658461103,-8.33110365867184
0.188244167010106,-0.603641665938221,0.189357807667996,0.974499804595299,-1.48234721081876,0.527520265879019,0.459579125134804,-0.00664617667971248,0.803792571422141,-0.46168744259028,0.417021761482252
-0.30387198400235,-0.0744463615790346,0.79572473565046,-1.49488358676596,0.171204447625776,-1.55105070192499,-0.683907233446289,-0.486638061128708,-1.06796873881975,0.297813617446009,-3.07010973703787
1.86795062469349,0.984935071594901,1.8859527680035,0.157706482462232,0.998725539052355,0.148177370206817,1.21604253313263,0.032820284736664,0.357085437406649,0.956850781338172,10.0838430398986
-0.271563250439628,-1.39995347472941,0.228256316584886,0.464597617032705,0.500463463261664,-0.624074960259947,0.705840521341445,1.1829949112895,-0.901991709219963,-0.417753445324921,0.386812862020864
0.527513657467119,0.701555724996629,-0.219834345290812,0.581129947583436,1.07977305272598,1.18795478668934,-0.0580456976793407,-0.329027799070587,-0.704032954213147,0.7545301161736,3.19284895680218
0.136774005933752,-0.999577785002415,-1.54622998729526,-0.110003791826769,0.00814378818053462,-1.16982918397549,-0.935335231215674,-1.13462026714623,-1.85588766534451,-0.00102591453108985,-5.49953457977495
1.17438248670914,-0.540960681743214,-0.280272179506941,1.20626565695068,0.263728897592463,0.459097757205185,0.396945125434636,0.429523035094949,-0.458677026127849,0.894960312625733,6.11653872718201
0.0991508230735475,0.745233523512736,0.568263259281919,0.261985502793059,-1.36684993608988,0.122152646158965,-0.244385341169503,-1.81064252398232,-1.50646968050922,-0.672852491840815,-1.00259512887229
1.24203316372352,0.276338553943043,-1.11601649179647,-1.40124012308414,0.00206777678670868,0.660874960757612,-0.995325904204541,-1.02703011530553,-1.444506180432,-0.32692436655977,-2.73269848459401
-2.35268401460854,-1.26467245262405,-0.598444524606338,0.470546833679338,-0.477835555007926,-1.59568172240147,-0.485256821801169,-0.821939405151329,-2.53633400966591,-1.89537486665224,-10.0315108931387
-0.615783000017922,-0.654722496199245,0.648196772639114,1.00924505569744,-0.0800459534876573,0.939406397357832,0.816892730700953,-1.09539227960953,-0.327031121643387,0.405368515931608,3.41797156626293
-0.316296785404404,-0.0873316914215889,0.879885253978015,-1.72756386951341,0.296163941445984,0.137020606467064,-1.56418576757137,-0.322241029629134,-0.437097576353831,-0.0941399286590519,-1.0431426639499
1.07254504167318,-0.385961799456155,-0.740823462718818,-0.166661632543095,-0.714877599833253,0.399977920932858,0.465025657226261,0.0915330694701348,-0.365859791177307,-0.587324764049124,-1.18534957410037
0.313357909076937,-0.698360452281654,0.274927230260423,-1.17747496520622,-1.77620398019754,-1.50216350142741,-1.36294105842878,-2.37519038839017,0.322592081811742,-0.201942523752645,-6.00906174923929
-3.47756155059737,-2.89283121373676,-1.66585462483214,-2.5995877807948,-1.22851966204935,-1.09811867494137,-1.73660789988597,-1.42544465781141,-0.130276315674478,-0.334491321742745,-17.287933972348
-1.30944993318434,0.0162707055283793,0.228256316584886,-0.695514345547273,0.516519549037189,1.32222576188414,-0.346334147836478,0.157438594230892,0.607372555084261,1.007340886407,2.7409973292894
0.976128297414564,-0.649218463649115,-1.46584115665571,-0.104308286918302,0.139758042724644,-1.06452308190782,0.805232388592368,-0.343342946009889,-1.63762552965789,1.12013494577084,-2.52822266642681
-0.631382987741355,-0.724357459167209,-0.459614771737953,-1.53292851618605,0.390131171828563,0.322454440721027,-0.218305067681337,-0.886416490053293,-0.29436788490008,-1.87410254460884,-5.70519608239057
0.35885731324053,-0.767718817599259,0.078930789809501,0.505846851486745,1.24828880840682,0.174843153876134,0.525404535038044,-0.362765684411329,0.629885266645001,0.443912225113813,0.806340979933602
1.00699541610809,1.01810062980999,1.587701174321,-0.36016868831222,0.494777896382494,0.566909712448491,-0.562602216678545,1.00633401129265,-1.02715838680131,-0.811832661842828,5.26379297275397
-0.113605485040478,-0.751494647860791,1.08213627505074,-1.49488358676596,-0.950731272170736,-1.78101294810355,0.45296070212947,-0.319093732209696,-0.299766946895655,-1.09469662404471,-1.77237457145744
-0.599886458981351,0.0953566318023593,-0.567564854932515,-1.80732663118513,-0.832431859168372,-0.493824214297063,0.0162495511808987,-0.160608547102006,0.344178408294715,-0.475377183810335,-1.96498319634223
1.05141980257696,0.00301169330089299,0.535026004061458,0.062100326042869,-0.120870873185195,-1.05613415209611,-0.134345470201564,-0.134452964446804,1.17866447350051,0.645671307423355,4.02255468989044
-0.513371003759719,-0.753329665777578,-0.52683975890724,-1.53292851618605,0.390131171828563,-0.272373209173259,0.435624518960899,0.172535422720342,1.60271457071723,1.97818813275286,0.449573953335969
1.27742865393388,-0.684440874717287,0.595602480660889,1.55402700797377,0.0123979230749747,-0.740775363070228,-0.655593812349912,0.286985038739011,-0.339773939835003,0.0794923375739784,0.5777481391224
-0.221567116648,-1.42782119418284,-0.390794782097515,-0.675738482631045,-0.617019560257336,-0.477282116960471,-1.36387760189485,-1.13359790487449,-0.730984588005862,-0.31386353696449,-4.90053754065165
1.85466937032537,-0.392370000634011,1.80663929863015,1.1485640962595,-0.478742176082994,0.613944084453005,-1.05018336185754,0.312813587699653,-0.865885107063923,1.59438303711842,3.34149567763074
-0.192723846761517,-0.806290389450229,0.631361898255863,1.38205540416054,0.865885304772636,0.275573127733938,-1.510210071754,0.318530506401314,0.313515263397748,0.485403528422311,2.7409973292894
-0.964143218560127,0.377832654411669,-0.144070498986575,1.26823805744078,1.95057902564015,-0.741755606254259,-0.00621406784689996,1.41217945563387,0.815418300800338,1.17887229891726,7.26901730171944
0.432048920982466,-1.37278055104864,-0.0243043097454451,0.405331799761635,-1.65809557959714,1.20248583406948,-0.120103967937423,-0.0404924786761002,-1.02057491820203,-0.336221800879588,-3.0814446799542
-0.878239856287382,-0.0946569931985667,1.34873542654874,1.68156200524708,0.655316908618637,0.0725718481186212,-0.333494165950349,-0.00840550432183176,1.08317541919838,1.7384170141931,5.95219671456727
0.804549254868838,1.43547245155748,-0.218520847973373,-0.0736388298584136,-1.343609023459,-0.635502966808926,0.0344831519498207,0.661901902264529,0.562389520539002,0.583976053161187,2.8458196553048
-0.515300623795581,-1.34737986246883,0.042009781921289,-0.212440482831203,-0.600032268717431,-0.889161562336105,-0.574672443171481,1.28942196640727,-1.03888668284887,0.225604729732709,-1.93957567262415
-0.171373337957145,-1.50254587567797,-0.390794782097515,-0.541894538801812,1.05792085353307,0.51519994947702,2.83360275862313,-0.0105934291934853,0.562389520539002,0.248000039397408,2.59485736883211
0.504235443222148,0.571008910106318,0.704198354507407,0.860862707908149,-0.0785633377876472,-0.085500851423739,-0.205408408054821,-0.0350176001327389,-0.018261263909875,-0.027905742825798,2.88537688452768
0.0242278506642244,0.955831782948914,-0.364482212359315,0.527265535328593,-0.742717701038486,1.02246231373682,-1.82520316520992,0.743946086397645,-0.339773939835003,0.553210555096319,4.30044606198311
0.35885731324053,-0.767718817599259,-0.639933315450872,0.259216406742401,-0.13379432858019,0.219636908852032,1.02263445110553,-1.02703011530553,-0.459607666527863,0.349252800978286,0.294116243287082
-0.185597737003517,-0.806290389450229,0.153196105250868,-0.00842523946846085,-0.301933368484423,-0.780605366870624,-0.0119760758699815,-0.59521711271019,-0.264408292770545,-0.583944371058899,-4.23028209472311
-0.500795935080124,-1.04118842003053,0.196543274343876,-1.20231870139191,1.00615040876364,-0.311329348950139,-0.935335231215674,0.694467199202604,-0.660781597098883,1.11187756840565,-0.48894118371981
-0.0951868885747469,1.98259910811226,1.32749144377949,-0.427942182400695,0.277556969127868,0.847433134753944,1.58260584990348,0.331004230870804,0.182852583580327,0.443912225113813,8.80184127450321
-1.5163409978095,-1.86768783033704,-0.015248384943069,-2.16939325080078,-0.682486830001033,-2.55142776282176,-1.91790177081439,-1.43621274369918,-0.491679904034941,-0.89622898813845,-13.1928868404863
-1.2213168348056,0.398332549203989,-0.014169581476251,-0.354698212477374,-1.14032599174406,-1.55105070192499,-1.36387760189485,-0.459961124097952,-0.130907605684548,-0.324551506795203,-4.71578265841487
0.666345670874089,0.0254878651526691,2.03098826582294,0.419652586970122,-0.168894657120307,1.69325541322235,1.77866945088798,1.18444283198085,-0.444519731065917,1.4326569445605,9.39063991957438
-0.0475704249513228,-0.799260974306198,1.10010518161367,-1.6802185629604,-1.32184046429135,0.134186675429471,-0.765104881476515,-0.15582930856951,0.276962265124959,-0.0511439954426728,-0.185689551623585
0.886252602691778,-0.118391045151594,-0.758796746544731,0.846135151342265,-0.700852999714697,0.411468819312133,-0.123587497160733,0.0580886298655074,0.0381617649038897,1.14804365438916,1.55713545339477
0.147632874130139,0.0454747719131335,1.20362744110969,0.27281234738767,1.35028635227112,0.0790601391285173,1.23345564864739,-0.806288209312276,0.987943854824487,1.15030802468469,7.63413747621625
-0.729689627498898,-1.56612534544075,-0.498726871409212,-0.110003791826769,-0.595140791844635,-1.50216350142741,1.48102142741393,-0.291147923776375,-0.0312872341528498,-0.783650637180855,-2.38847212075993
0.665970528803294,1.22543122064745,1.80663929863015,-1.08610569567469,0.570287841337138,0.486959783277317,0.459201371814579,0.915432686505968,3.08467679702869,1.6474755986495,12.8473010017293
1.85466937032537,0.981957545258778,0.617096650555713,1.01494975972524,0.269794560997897,1.70360446117201,0.556871914972933,0.665606679121459,0.784418355109484,0.383560577183573,10.4097775958878
1.32177416301343,-1.54217802176294,0.871330122760697,2.08917548762868,-0.615390499370412,0.704677181836023,0.993699854714084,0.657266013335571,0.320117837869993,-0.315658737440202,5.19589276055228
-1.02819377570688,0.322888318627596,1.07888258485547,-1.49984529210877,-0.306548298206845,-0.914263193254069,0.203323085379376,-0.88717981883185,-0.107008680381672,1.49780705541335,0.624180628398243
0.00432178616276648,-0.739941501695912,-1.38631271244566,-0.730279835434054,-0.595140791844635,-0.974261075109748,-0.65871969256239,1.66556308169819,0.311057169619448,-0.0521709584547532,0.367963720583289
0.911310551281937,0.468921708722632,-0.761621013835411,-1.02177108535434,-0.314738202952979,-1.01872780460223,-1.06185003230844,-0.189282820310316,0.330450016010945,-0.659662506857083,-1.17936927601354
0.911310551281937,0.027308004404908,1.19425340512837,1.53984558943063,0.270190639306953,1.12753956620256,1.14056984540206,0.110261185374327,-1.40975928998698,-0.0602936493395655,8.08775032070665
0.463449738479284,-0.41628683491265,-1.93572654811491,0.707213032378429,0.58373603111987,1.20709198386971,0.413540422007779,0.468194433301115,0.591204185860147,-0.687268834333431,0.486460269562162
-0.237863115126603,0.0686967482081803,-0.875751436991025,-0.697108414985392,0.155394950686203,1.23075967908725,-2.51549946378044,-1.69315780723999,-0.21476970759992,-1.83995424041174,-6.00078185579064
-0.918917426815942,0.0423774102540624,1.41697542524749,-0.513821903625425,-0.440551036640278,-0.272020947673717,0.10114151068387,-0.954294444331845,2.34499067879539,1.95386372164574,2.88624444658501
0.063311617258698,0.914169500431034,-0.634708504697101,0.763857098808407,-0.618445469191496,1.23366090940489,-0.205408408054821,-0.170642241521401,0.572576803142439,0.136147911738425,0.157030793711389
-1.62710621426894,0.931401755296718,1.34873542654874,0.314607266823489,1.05559766103238,0.768718066965167,-0.924938986787221,-0.708794478272314,0.706952018982714,-0.00811831069307128,1.81107733393863
-2.55755059113758,-0.628122027121527,0.51875407563201,-0.201566538828248,-0.114117245712371,-0.527485405550407,0.246085101835814,-0.785684973312474,0.645243246158791,0.501586527366059,-1.73745464238637
0.153573443645335,0.803073302925934,1.235135925786,-1.89604026786418,-1.59654255174596,-0.914263193254069,-0.0817469034432963,0.297693707280895,0.238043793339546,0.297266361020233,-0.113133212685742
1.80847751975975,0.699536921450971,2.03969335207204,2.31390683273998,1.37174477165316,-0.0250836657752677,0.145839687530821,-0.206724824553663,-0.664785234367367,2.07933330761278,9.65307911943549
-0.637192228084401,-0.553295132318399,-0.58132624697483,-0.838024692559119,-0.16889470701048,-0.219592796615136,-0.282881766968261,-0.15582930856951,-0.620568783468929,-0.283106293318575,-2.32499160255368
-1.1541511948354,0.456457318060746,-1.40344654293173,-1.28298961695615,-0.462183984533753,-0.425595427420634,-1.51592993051114,-1.0723449881088,0.753444429555071,-0.470538341976072,-7.89898356124222
-0.192332833704985,-0.806290389450229,0.631361898255863,2.12114562422904,0.818317273065839,0.253189274118335,0.353089924364535,0.676146868061012,0.531487282625624,0.7495298771535,5.49374784162845
-0.0916045628295134,0.320764461271137,-0.115818573177002,-0.461548182590123,0.104649373473176,-1.18015116954212,-0.323894538197631,-1.84046766000437,-1.31367274615071,-2.48297397144292,-8.33110365867184
-0.187304548752227,-0.144240662971489,-1.94979927612572,-1.25771421086789,-0.792363260213659,-0.816802659892078,0.250861550191601,-0.114985288673737,0.0138114840831257,0.171016532490313,-4.72906355158623
-1.49912940786208,-2.37301601308727,-1.5690340800788,-1.30795533459808,-1.57996247180714,-0.672215565718771,-1.91790177081439,0.0211666227802021,0.322592081811742,-0.507456556102626,-8.44872930154485
0.00494107842769454,-0.681131462435816,0.14191057382205,0.50363512285632,0.751794938833919,-0.34848241193311,0.275735353652641,1.641220598389,-0.907301055481888,-0.687268834333431,-0.457311243907954
1.0057949687775,1.49350057324613,1.27041503108293,0.792228064117315,1.31843657297867,1.40548666680207,1.56720361040145,-1.21478975437548,0.0761116192746366,0.717079961668206,11.7148383704733
-0.830035831356617,-1.05043186269072,0.189584424139525,-2.43454539471036,-0.0459702414676677,-1.87845114336565,-0.913277426904091,-1.39391584460694,0.165899004689233,-1.81888010754962,-9.3056114443125
0.297138694050901,-0.282392516814628,0.620964622927048,0.466459435588036,0.191332902415649,-0.187064184534332,2.07300876001022,-1.0186758113623,-0.327031121643387,-0.308891880417555,4.91419778154336
-1.42772343328327,-2.23658693357587,-1.67463178191269,-1.00634881531366,-2.66592971415541,-0.435266218511482,-1.84774233819647,0.0211666227802021,-1.37864436787588,-0.449333441602177,-11.9645305360516
-1.08616120300333,-0.530994780594336,0.363454147205001,0.98633563893979,-0.261325995270656,0.0751192857564617,-0.325212243868572,-0.171779731196319,-0.545778596884457,-0.591568186241326,-0.946466979504329
-2.0072517502199,1.02205598363449,0.196543274343876,-0.354698212477374,-0.73182130878789,0.219636908852032,0.0805347386670114,0.146567214360156,-0.198592226966273,-1.45867620548288,-3.0814446799542
2.26223664845721,-0.95863211306567,1.67237270965808,0.694946006020055,-1.36882698519047,0.495932749837671,-0.625179036569189,1.76161548587952,-1.37543971327537,-0.811832661842828,3.0484356881787
0.704358811684559,1.11469703206634,1.15346246775904,0.38143672694156,-1.4949836012999,0.0463865565231468,-0.013183410983327,1.47756022906077,0.974565773415527,0.926676490665662,4.87153682428971
0.134664834432617,-0.246549537129338,2.07682777363506,0.603861392729766,0.15486948658785,0.0790601391285173,0.189493999887154,-1.11246732580739,0.726945773957598,0.443912225113813,6.60248405592133
-0.125174563229445,-1.43060749879337,-1.11241489553198,0.731589653855433,-0.170407083190537,0.660874960757612,-1.30433287982159,-2.12204428448879,-0.856951383888668,0.297813617446009,-5.13870880384413
1.32762286270881,0.948972940484438,-1.09393789264088,-1.6802185629604,0.3505749546145,0.308145934001804,1.97731150960909,0.790025392216021,-0.104938476613289,-0.687268834333431,0.157030793711389
-0.151197986392203,-0.0935221203255539,0.171652975026837,0.241636072378476,1.17959623645114,0.942503887748511,-0.941772993197404,0.395351014155995,-1.20007486853193,0.742657986283292,2.43685282512653
1.20136631965322,-0.418846552725344,-0.00953377731963027,-0.859670528002559,-1.01688774588423,0.0770934213506986,0.905992058829305,-2.07897188893942,0.488935142749915,0.583976053161187,-0.630469731828078
-0.0361846638709045,-0.288424654945272,1.11058073695163,1.0865819240198,0.588842979320327,0.617478941054695,2.33854470997902,0.455796621896686,0.78589016035988,-0.344480181116281,12.6435858712594
-0.874330354023798,-0.0946569931985667,1.60497982423145,-0.900095384571652,0.454811420918282,1.56581114847524,-0.14005865328479,0.481395208145507,0.145978062251195,0.693510386653596,4.33805456203576
1.07899548917941,-0.0349180079977324,1.0914334508051,0.243231574739441,0.60970437794925,-1.79558683080405,1.59435010274465,1.82721201873772,0.197977418346724,0.79743302212538,6.2960133768617
-0.564076855546621,-0.244878592134877,-0.979513158091343,-0.571137810101795,-0.249291321220718,-0.484105793657848,-0.56731979228782,-0.160608547102006,0.153346854816406,-0.396613085675289,-0.595591351826668
-0.359250804539258,0.895482774965458,-0.0408763115676815,1.66809510550997,-0.23620518587577,0.566909712448491,1.54186742170106,0.794748596141238,-0.20076943541505,0.854215131415416,7.60014772964647
-1.36701241892833,-0.437381309027842,-0.359024050627485,-0.528886123063765,0.864973087922378,0.137020606467064,-0.42094662590466,-2.67043011520272,-1.73008788257956,-0.636561920003644,-6.99494836687458
-3.47756155059737,-1.95895945978216,-1.64811088623671,-0.411951187008581,-0.868739382537586,-1.16135716203173,-1.21053031413088,0.0211666227802021,0.188603692336336,-0.666345098512008,-5.95422724503177
0.860966031536216,1.00108220067436,1.19643550112193,1.81805757354056,-0.317774079101161,0.707593182443663,0.73099672344197,-0.0270394412939392,-0.304358295068597,0.995951234778678,7.98053039659628
1.04848566485427,0.0833537048118589,0.57777959332087,0.33363905410036,-0.238872528886094,0.553394249642193,1.29860509701438,0.442542640726753,0.0800591621609926,0.785553884090773,7.17586087346836
-0.185597737003517,1.11166521728022,-1.20402001939654,0.0261041964796519,0.262817643221158,-0.388806183493918,-0.292868591177316,0.398396184875203,0.594192933820462,0.361916886555827,1.28136293870862
0.0079489805414306,-0.739941501695912,-0.53257622631373,-1.05131915590037,-0.595140791844635,-0.584526707999763,0.728218186019441,-1.4444519366886,-0.579152595405194,-0.140472896556292,-2.54814455084494
0.527593064836566,0.453129407635746,-0.519231057936297,-0.393236973579284,-0.871911037920266,-0.555231998789898,-0.165219736253791,-1.05016853415635,0.848019795643752,0.743012656741456,0.184470265030091
1.54791152625067,2.43121806186535,2.25645271166631,0.338044453311442,1.1401402136715,1.48102585080432,2.0327137489237,1.25174562382504,0.862563992070694,1.9615588268906,17.6353733575653
0.153573443645335,0.803073302925934,-0.634708504697101,-0.24590036015835,-0.829415608542389,-2.27913947531983,-0.353681774411817,-0.00664617667971248,-1.55189602130828,-1.01577280270297,-2.68246292577493
0.00432178616276648,-0.739941501695912,-0.53257622631373,0.103398898398629,-0.377855006067427,-0.418444094062934,1.31516508970234,-0.988737537863002,0.894612960211285,0.962971712707021,-0.12111191160954
0.127018839115267,0.0870731572391878,-0.350354505520704,0.909036130233696,-0.222694313100667,-0.986090898093797,-0.0398830751175843,0.502718687571399,-1.01926574634495,-0.673826143047941,-1.55318293810089
1.13860258222473,0.0330528724638298,0.492791657058281,0.0749293410558461,-0.111360819528705,-0.136963660462287,0.0549804212155575,1.414419864094,1.4334232155896,0.785553884090773,7.17586087346836
-0.321189465181288,-1.11396844362046,0.0574604858091589,-0.558133028801665,-1.34668386987732,-0.319024833605454,1.48102142741393,-1.38498258482573,0.330450016010945,0.31752693046881,-3.03054423933884
-0.143944563548783,-0.412658704419017,-0.746828375482009,-0.529957930414677,-1.77524942712251,0.519258478121942,-2.38851454069038,-1.47930957233831,0.513418551812204,-0.0503243148164077,-5.56598922606835
-1.3192974963956,-0.229919710374119,-1.04347312914762,-1.66308845203834,0.438317757974805,-0.469055232794551,0.256652247051954,-0.906731999218655,0.114106120844236,-0.475377183810335,-3.87723532967455
0.783854240966316,-0.729935263106247,-0.748771002180062,0.468981836645155,0.487519727957102,0.0579695574665201,0.000771788557784198,-0.97124419270913,0.509826134994818,-0.445367742803138,0.00618550150607594
-1.32114496945755,-0.229919710374119,-1.00904643309022,-1.44149967779691,-0.918855088924988,-0.402635427118052,-0.94152735511829,-1.25774876827951,-1.70926913163777,-1.34238517059192,-11.0441673324812
-0.125174563229445,0.315733181001981,-1.28197305703575,0.369037904119913,0.58373603111987,0.689768191320647,-1.35584109575047,0.465101974763074,0.153579786515251,1.61155405264109,1.73207583392916
-0.899673035195583,-0.439856682131536,0.0196102108108463,-0.156199285439442,-2.6270482553226,-2.01809049838431,-1.32692471283973,-0.818399183755753,-0.543496842607484,-0.910033766242098,-9.37231261400157
-0.94333869470684,0.596520348726852,-2.72150542374139,-0.379465846850328,0.296163941445984,0.826307794206934,-0.919396381144567,0.694467199202604,-0.516274085170159,-0.171457019328719,-1.17936927601354
0.313357909076937,0.367758303727891,1.38356501611161,-1.3321037666007,-0.128084776288415,0.343361938165448,-0.323894538197631,0.205148497367376,1.87946076408972,0.660159074425552,5.21115990961432
1.17438248670914,-0.131500987137248,0.855634870596836,1.51865271866918,-0.316427595252118,1.3201952738237,0.983408053658233,-0.426096193862936,-0.517784615577943,0.161582611691522,5.2853510797757
1.15217024132877,-0.208990645788456,1.76784774226868,-0.427942182400695,-0.0453788292812932,-0.297626015672595,0.163031298302298,-0.0496180242574377,0.445799703788784,0.423524361871101,4.33805456203576
-0.445626813126565,-1.24923770607184,-1.59679630695055,-1.8153058554649,-1.05257021771499,-0.580135603434877,-1.20783512301259,1.13582811510939,-0.978864460029874,-0.286223546810446,-4.96479629339252
0.153573443645335,-2.2675325321827,0.042009781921289,-0.144199807215431,-0.249291321220718,-0.483703472843901,0.866924584417296,-0.114722574999662,0.916323025030908,0.0372272464362379,2.12335290243265
0.313507287382387,-0.403885811239535,0.656586818394014,-0.175773526226173,-1.17244794735779,0.0961283022936511,0.44163305646731,-0.0105934291934853,-0.157173337975026,-0.212331357327765,0.238509231519831
1.17438248670914,2.75470011924075,0.644560550053603,-0.255178274953596,0.109061797074552,1.4176625010884,-1.04776103555924,-1.07743796189068,0.696951961490074,-0.0766843186484525,2.62039940053226
2.95811946812307,0.234221273974917,0.761574066262402,-0.189170548167805,0.920102071330871,1.07673161264574,1.2579272707652,1.20170837442779,0.380589532880925,1.6246592156352,8.3706982113733
0.858843443123485,0.793309685572395,-1.01211025721664,1.69618058333206,0.484068244949514,0.337580113341497,0.875572842320939,1.2648104720481,1.274498343688,0.800492410650481,7.3464812279438
-1.09674614318745,0.177289213333772,0.284469314670577,0.821269181150847,1.24242868658908,0.0139162799159881,-0.84802827964959,-1.00168270740492,0.462722343496732,-0.103685888376193,0.795108005773108
-0.835045381012625,-0.00114464048568716,-0.457374380254935,-0.529957930414677,-0.493812861744601,-0.984795923597592,-0.798305488179288,0.694467199202604,-1.47541431699569,-1.02735892708511,-4.71578265841487
-0.843139429082825,0.0139550773906543,1.28405900228019,0.615675442813309,0.355794128715854,-1.24910713172719,0.790175953850587,-0.316083591111985,0.562389520539002,0.955194426676853,2.54400832576796
-0.506706045696025,-2.24186722837713,-1.45854570801182,-2.10237547087465,-1.57996247180714,-0.435266218511482,0.0636622000856664,-0.0780492158726571,0.490026905055036,-1.58166276827367,-9.00618118523437
-0.615449289186688,-0.654722496199245,-0.952217312180347,-0.730279835434054,-0.621677079867078,-0.974261075109748,-0.198363840489066,-2.37519038839017,0.89862134019296,0.112942709589617,-8.20966656252171
-0.293368542773303,0.709235929370109,0.257468005142485,-0.745452628778504,-0.277684947032807,0.101168093991358,-1.4484312617596,0.921811630248756,0.0381617649038897,-1.05094459618972,-1.57721573063519
0.268130030841715,1.17785224851014,1.39692267450213,1.28668004756315,-0.478742176082994,0.865037386227634,0.505750568311959,1.54713566910323,0.807771842366707,0.00964239419298145,8.94494014882055
-0.467291584293632,-0.500045535624563,1.28405900228019,-1.66392851265655,-0.757287262460908,-1.43942899123705,-1.75937663183703,-0.124797507450062,-0.829038851190935,-0.31386353696449,-4.88981451886244
1.72797922222408,-0.932134622164282,-0.48730428707457,-1.02177108535434,1.13699509795985,0.308145934001804,-2.58925206450158,-0.64931133724803,-0.616334985297495,-0.873528605311288,-4.29165387036659
0.434585989687334,1.37526295862324,-1.11601649179647,-0.00478932882114804,0.0847986151330886,1.02246231373682,2.90701685879401,0.266976328683651,0.877172605929033,-0.283322035364332,7.60014772964647
-0.424749366615581,1.57181618874234,-0.364482212359315,1.67812151102434,0.574638885464865,1.72800847274547,1.77142586451931,-0.180508253197054,0.579929152717247,0.0748731728505733,7.3464812279438
0.886252602691778,2.15572879226246,-1.5727340865182,-0.0105128073356684,1.05394274824059,1.68457805104343,-0.87069383162688,0.590010504994846,-0.491315359611809,-1.75566925717923,3.41797156626293
1.85466937032537,0.981957545258778,1.4820630851029,0.688594920428676,2.93771830190884,0.312744732957077,0.389846261271901,1.4110386719046,0.214569428354121,2.20133046375007,14.5902304790176
-1.62710621426894,0.931401755296718,-1.06671489600508,-0.65604490676548,-0.276873184070124,1.20248583406948,-0.0674491445375554,-0.701127317411032,-0.509751815028742,-0.838631859039247,-1.26357686580134
-1.02699583451007,-0.544374850133701,-0.761451526319153,-1.45444507929029,0.181449782531558,-1.07154203876041,1.32413396175196,0.886511833720873,-1.12940572273802,-0.398986818493357,-4.51005992788414
-2.20251459160623,-0.428161591144703,-1.35098950915574,-2.10237547087465,-1.89683005441203,-0.672215565718771,-1.34360843989968,-3.39861082968387,-1.94894776354067,-0.970961796149231,-14.6941122581655
-0.00295329159805804,-1.34291228311062,-0.366343298358301,1.04306433778206,0.959333917370617,-0.984171045073099,0.816892730700953,-0.343342946009889,0.673585988222715,0.855381938730855,3.41797156626293
1.05141980257696,0.904801902326662,0.658602973874307,-1.49885699889107,0.626377772715498,0.309739010109607,-1.06767348104643,0.494579530068061,0.354662231149726,0.181221119393658,5.7012742484738
1.42554333066639,1.8377210243689,-0.744127165616445,0.340868531587837,1.92910089548088,0.481574668102782,1.96370592341507,1.7202150919714,0.56540967041483,-0.882424082709879,6.81789255104923
-0.227718567858058,-0.823329565019857,-0.457374380254935,1.8568921597187,-0.0981279868814174,0.557990508079553,0.691290366180111,0.703560823410292,-0.983846963781787,-0.0494272347170068,1.73207583392916
0.0614309829023368,1.02743397169212,-0.297157134824497,0.489775198043022,-1.28244396913154,-0.455167137261463,1.24078394585198,1.08412642469027,-0.45325309393459,-1.07668207719466,-0.265400733374496
0.475106885755472,1.25050017184961,0.651315170867167,-0.20118722948096,-0.344113176786521,0.0139162799159881,0.202800996986777,0.312813587699653,0.987943854824487,0.905130856323991,4.52214639432585
0.783854240966316,-0.79312527426461,1.20424765436216,1.04648710590821,0.238522884736774,-0.34948700294768,-0.233011209464483,-0.124132481544943,-0.492031134333453,0.501669657573469,3.26725595862427
-0.0312889016892661,-0.164914900790059,-2.10140286562497,-1.47617105472323,-0.733592829449631,0.0461380667200372,-0.342214304634612,0.278469058970731,0.0474472982147556,0.216404702968826,-2.52278922591768
-0.0598542717616099,0.106789277801661,1.29828093372629,-1.49803652169402,-0.691342259499892,-1.08775861371493,-1.16088359505104,0.157438594230892,0.916323025030908,0.575222979368248,0.802589512036225
-0.195185580627096,1.54290946135697,-0.653752478254082,0.557531139880786,-0.0498536983489839,0.756186064630436,0.92277505753167,0.790025392216021,0.20289177481782,0.61751843478282,6.92551049068928
-0.506706045696025,-1.17498075403596,-0.721378446656868,-0.657356801833123,-1.79126292582389,-1.19149167818879,-1.93610179236445,-0.0730630732065026,0.0188266442827454,-0.968945476946645,-6.35699847193523
0.101259485213239,-0.146518418173177,-0.110991527565874,0.845519411734513,0.457625768013907,1.38521250534385,0.717169342314974,0.470287408495505,2.35948182924336,0.7495298771535,7.6235182482108
1.19591957645689,1.847877427238,-0.0615194806905335,-1.49885699889107,-0.0415983920156232,1.15843469986261,0.555635395492986,1.0283205590033,-0.0858059024884027,-0.428605974145399,5.76864664885752
1.19108387748819,1.93191833690264,1.8859527680035,0.157706482462232,0.840352209864194,-0.781781284333842,1.01199475823876,1.42931699297248,1.53798330700967,0.482433725051016,11.103576406251
-0.513371003759719,-0.753329665777578,-0.235917244284197,-2.43454539471036,-1.7410529853602,-0.0479023626346966,-1.67056872653847,-0.821939405151329,-1.87478627415024,-1.19254930174509,-12.1950188435935
0.554292251449695,0.327683768354103,-0.758796746544731,0.194579372150177,-0.465296307860108,0.0214983266928851,0.75576804611699,1.16537550914826,-0.174753329836925,-1.06208103247265,0.392972908963202
-0.191225474133801,1.54290946135697,-0.980179938452863,-0.563867374526208,0.443665850280404,-0.285143841586573,-0.524175261996792,-0.982334863354697,1.60271457071723,0.511536510910972,0.417021761482252
-1.07606504822056,-0.530994780594336,0.0772987033296887,0.312264803798156,0.786165401558496,0.0153905794045576,1.21673321519011,-0.43925291770307,-1.61281895153137,-0.615900313028429,-1.2940829108157
2.26703029217529,-0.95863211306567,1.80663929863015,-0.36016868831222,1.47770732075735,1.09202264910243,1.24510751293537,0.0714923392243267,1.62543317504816,1.88501519967005,10.7720725840046
0.107261449745865,-0.146518418173177,0.410639369701036,-1.1418296717309,0.766901373785707,-1.58939670241027,-0.948756925187847,-0.988737537863002,0.183309539889069,-0.159766637107447,0.367963720583289
0.991707566934655,0.282997882631569,-0.864022816394176,0.536824395495557,0.429630732697686,-0.517955726032487,-0.18832958785998,0.493104321978864,0.00430960023179863,0.304694735099889,1.25118386185472
-2.0072517502199,1.02205598363449,-0.109246136213164,0.103398898398629,0.864853078997947,1.27488386446658,-0.877209229323118,0.749718246982231,1.00212926045643,-2.54519806799824,0.508654497808908
-1.51998032928587,-0.306365796815283,-0.314693520577096,-0.495874670355768,-0.595140791844635,-0.630534314606075,-2.30203336331229,-0.375499085993055,0.672684220614355,-0.640113810145605,-5.8875659952076
-0.0440731273499616,0.596553116156272,0.805744621519485,1.55402700797377,2.21056212918199,0.758001177707179,1.13279206421349,0.850367278302275,0.889061852040531,2.16080541089313,11.1222308321154
-0.581176665637706,-0.296726640254412,-1.30433262517044,-0.510404409735739,-0.677011536283526,-1.14599129138501,0.106753301839739,0.569913299174715,0.122448465785396,-1.58742960592075,-5.37168585064116
1.59132047596643,0.814427317200953,1.86760428073287,0.0960105550129909,-0.615390499370412,1.3201952738237,-0.941772993197404,1.0283205590033,-0.445953656537054,0.104801955197152,5.59465895410103
-0.151197986392203,-0.0935221203255539,0.171652975026837,0.763857098808407,0.46192542487107,0.259807578282335,1.2432074703583,0.766239658360515,0.491595908603565,-0.139023697087828,6.72529655334254
1.60019330645284,0.227437956052793,1.587701174321,1.1485640962595,0.870602416073431,1.52612283739951,1.96723516011887,0.506736817462407,1.23965260493732,1.08017590196821,14.3052434249037
0.248988852622373,-0.114014926751268,-0.192760901647929,-1.45715994494671,-0.775165342242031,-1.11302933410451,-0.574672443171481,0.244881637710249,-1.55189602130828,0.386859652868005,0.179454193767623
-0.0494051082757634,-1.27218163487625,0.765597912596429,-0.396265716904673,0.794641269823719,-0.240727651482559,0.290381232298456,0.501367545456712,-0.892308063683794,-0.725501739932783,1.72122932305679
-1.36701241892833,-0.437381309027842,-0.0540927937824715,-0.0139500862489968,0.155394950686203,1.00540986465699,0.793643762394743,-0.585623542906442,-0.0276853312853225,-0.959761224699803,0.802589512036225
-0.0732552184361563,-0.709104315141317,-1.54622998729526,0.0775232871350538,-1.00753995938016,-0.87679690713231,0.455136559825944,-0.15582930856951,-0.558147353765327,-1.75396400447731,-5.38478546965314
0.945113576683945,0.35434151636667,-0.157637335070838,1.59237317082177,1.31997097386395,-0.0892722331214047,0.258278265115202,-0.347135783643229,0.408779817183995,-0.949927625631745,2.4072664135267
0.116338739958169,0.230043854176653,-0.997189731504112,-0.275956968753922,-0.0104616548633161,-0.137899141102219,-1.10099749428605,2.34679531862407,0.572576803142439,-0.885616831266546,-3.26817129657534
1.80847751975975,1.10194924400712,1.20635710504004,-0.255178274953596,0.684552910314035,-0.228453379315317,0.983408053658233,1.38529318505227,0.579929152717247,0.836465850001108,12.1308324221738
-1.64577404951821,-1.20316688401352,-1.19047614974978,0.487402930684666,-0.588974939551505,0.519258478121942,0.793101485074319,-0.561569073368324,-0.264408292770545,-1.45867620548288,-4.37977581816836
-0.293007392761514,0.46654190175876,-1.0641891327939,0.523717261027179,-0.00622405382234722,-0.56290446615507,-0.458721650843065,-0.00664617667971248,0.729665028565011,1.0537148957127,4.30044606198311
-0.810189587319233,-0.332591898927648,-1.50912045473147,-0.638672813845265,0.77149926661188,-1.16982918397549,1.84097518256281,-0.486638061128708,-0.118446315764315,-0.448623235749101,-2.00220820214537
0.495100542417745,0.0364920044223383,0.815504029081351,-0.766768059472244,-0.227335731121781,0.343361938165448,0.326272934599094,-0.982334863354697,0.988054069506681,0.61751843478282,2.04034041136139
0.381055857781076,-0.783207736024557,-0.875751436991025,0.213626854146452,-0.277684947032807,0.609278336188037,0.0672992853545452,-1.34017688050126,1.34992393428845,0.556678541978198,0.130740732307195
-1.65157328267991,-2.12680440310657,0.726560164707216,-0.510404409735739,-0.569796987103926,-0.360494454236386,-1.96654892468421,-1.42246500350857,0.513418551812204,-0.639197400038509,-8.95317874620657
1.35609079973199,-0.307397343443085,1.39692267450213,2.11842867557636,1.96598248090343,1.68605517758235,0.999583648407796,-0.0595149461782038,0.807771842366707,2.20133046375007,12.4494358217544
-0.98146508213771,0.0319719062896519,1.21351040357712,0.455152800599111,-0.0415983920156232,0.463376853370864,0.657263781627015,0.306268051575965,0.458905754801159,0.448038700559613,5.62872330542722
1.41727128013406,0.173510784511336,0.791263793201562,0.759536909163152,1.46758345797645,0.0772072887868237,1.031598297923,0.786428356590286,-0.20076943541505,2.01712412019084,8.50727950750214
0.313357909076937,-0.403885811239535,1.29828093372629,0.762882372865608,-0.726490198395696,1.34592106705689,0.0695040253438205,1.23411967988356,-0.20076943541505,0.030717916524413,6.4121852059264
0.527425038814616,0.393316253467149,-0.962959916659403,0.50363512285632,1.62299319481594,0.919598355573139,1.21604253313263,-1.29668430665478,-0.212531355159364,-0.861997723135754,3.2736742876949
0.829665768264458,1.57125827617736,1.37422754632344,1.1485640962595,-0.110650680543765,0.758001177707179,0.619655999145068,0.665606679121459,0.653725259680688,-0.344480181116281,9.12451565418381
-0.0598542717616099,-1.23358305638004,-1.22904637087358,-1.40740538862386,0.181449782531558,-1.19899867844339,0.920195650107522,-0.114985288673737,0.215272229634766,0.672985243659533,-1.0431426639499
-1.92654392494877,-0.819471044147385,-0.913659064985481,-0.828812597360759,-2.64330827660455,-0.278756391985284,-2.29275322794692,-2.48177277141333,-1.14011343403831,-1.05605363464545,-13.1928868404863
1.26506086000634,1.35969548884122,-1.0987970714473,1.66530020847686,-0.473626027232465,0.613944084453005,1.21604253313263,0.858429220344796,0.440048066730551,0.627199888965066,6.70174067951802
-2.9303742884866,-2.89283121373676,-2.78629231666233,-2.5995877807948,-1.22851966204935,-1.35542230357903,-1.32808412942148,-1.55177276152998,-2.31417695401048,-1.66724355005438,-18.5970927442264
-0.33634871761205,0.111400955828123,0.786538947603599,-0.0406320367770757,1.40045538738372,0.916580371170725,-1.05018336185754,-0.211090229932757,-0.69875614024235,-0.0832119407999958,0.949718730412258
0.0107674176698096,1.40098785490201,1.1056035902471,0.759536909163152,1.02908910122105,-1.07872637511982,1.34751430084335,1.10359015294986,1.51635794711521,0.830410436449036,8.61203092683874
0.134664834432617,0.0252973313220306,-0.279844281549023,-0.166661632543095,-1.65809557959714,0.415011773368669,-0.208829210468548,-1.34017688050126,-1.63762552965789,-0.651958725668468,-5.9370897029463
1.85466937032537,0.984935071594901,1.4820630851029,1.53428529040347,2.35596820973239,0.349703403169705,1.33427547125329,0.880244146885334,-0.214841145227834,2.26731635347339,14.4497315826341
-0.41722689739744,1.12354535439786,0.320198821716284,-0.513821903625425,0.875836557769534,0.826903204577691,-0.924938986787221,0.493104321978864,1.01760346406833,0.448038700559613,4.52202177953233
0.31400173485224,-0.403885811239535,1.29828093372629,0.321424385360016,-0.430201728044005,0.174843153876134,-1.99763553956532,-0.189282820310316,0.703914144714278,0.138356743946399,1.00877843134808
-0.918917426815942,-1.9833242864333,-1.91937069588796,0.182463377994931,-0.955259651156658,-0.982296747289335,0.230410899673605,0.833149161299264,-0.660987303040706,-1.10348798546742,-7.09191569884831
-0.468782746067116,1.54251740227136,1.50679654155752,1.54074298027049,0.550507191205262,0.458475569577059,0.799739623139821,-0.0270394412939392,1.8559681584608,-0.344480181116281,10.5448191090693
-1.48325658262114,0.0518322447795368,0.138700135694543,-0.520090333351989,-1.14538222115211,-0.629231105659947,0.544796367868906,-0.252760977989811,-0.516274085170159,0.112942709589617,-1.90130062231781
1.56139583267776,1.04097481563745,-0.273127102783014,-0.822725345547598,0.0847986151330886,0.27298910328945,1.69157362938193,0.604259921563946,-0.491315359611809,0.7545301161736,6.43088128694881
0.2719591140577,0.587327242497178,-0.651983672558223,-1.45715994494671,-0.461689412276417,-0.587183305242736,-1.56418576757137,-1.06707477837133,-1.49854310250176,0.0217544648681749,-4.48155473416752
-0.593688246326772,1.5854653123628,0.670368673861589,1.89052721213533,0.840352209864194,0.458475569577059,0.258278265115202,0.750695890308048,0.812943748746753,0.7495298771535,9.37800973538677
-0.878239856287382,-0.0946569931985667,0.412467018426961,0.861269363680285,0.361302707653461,-0.260280759587531,0.816892730700953,0.140216479888721,-0.292969306575033,-0.752300952146854,1.27869331925824
-0.252965078756583,0.227313292639421,0.803593577358858,0.717676789937332,0.550234449409158,-0.39510715112998,1.29860509701438,0.0266809833225209,0.352465141044641,-0.848899290525521,4.94342830643919
0.0270579260305923,1.16482601086985,-0.747109119542715,-1.40124012308414,-0.691342259499892,-1.09919600369496,-2.33287397528431,-1.03181653892892,0.513418551812204,-2.1859972793528,-6.41566044395006
-0.290703929800912,0.241916471977016,-0.724124266330174,-0.514699200035929,-0.975888859061146,-0.000818574205017957,0.420985908894923,2.34679531862407,-0.0883523000699909,0.0119526099129751,0.245497873067898
-0.0732552184361563,-0.881021061557876,1.36207785229973,0.278044958980047,-1.15719759032219,0.202718950837662,-0.56731979228782,0.157438594230892,0.377908698855197,-0.34694072180547,0.941500024609821
1.34354299379936,0.898824265343349,0.456610331138239,-0.37459655231823,2.49998450328082,0.774945602414585,0.190166519004614,0.331004230870804,-0.0800578945775878,0.609622355108932,7.43146626882928
0.696377133274408,1.03738105292561,0.773230198283758,1.01805847975797,0.54206813310171,0.194413459367554,1.14056984540206,1.64455810825277,1.53798330700967,2.44891034667445,10.6137904999533
2.35087270857258,0.136826848706727,0.282273262975341,0.22318466190295,1.17714904060687,0.253189274118335,0.556994585002354,0.577534581721602,0.0705743410286231,0.926808589814994,7.15261939221362
2.27507766062892,1.11906855922638,0.368744711533489,0.324923911339211,0.543408732907228,-1.33883408293237,0.159953507442549,-0.0270394412939392,-0.69875614024235,0.0380848596779612,3.2995492465316
1.35609079973199,-0.307397343443085,0.318357315875485,-0.379791387403431,1.24242868658908,0.942503887748511,1.35371290159374,2.35681178424275,0.312438007856231,2.87092607377008,12.8473010017293
-1.1541511948354,-0.954001648210624,-1.63507481373578,0.0341030264537583,-0.00713505923588765,0.519258478121942,0.652997099430811,-0.692589454213386,-0.265147438027592,1.32900326453466,1.36405137857752
-0.293368542773303,0.46654190175876,-1.0641891327939,0.523717261027179,-1.15719759032219,-0.0421496543759463,-1.4484312617596,-0.419130879075538,-0.264624691955638,-1.73337219022548,-3.41702747804074
0.844295026437298,0.261047673125986,1.1056035902471,0.408258504554279,0.056988063012795,0.0709482172378,1.93434732643556,2.03920762024135,0.56540967041483,1.01281318755251,8.61203092683874
-1.14641537889786,-0.954001648210624,-1.13420727090148,-0.479687362828279,-0.792363260213659,-0.469055232794551,-1.78773714714396,-0.806152898528284,0.753444429555071,-0.907129758127143,-7.41053453633643
-0.581176665637706,1.74496600182927,1.3909190800249,-0.37459655231823,-0.226089926304545,1.00394741938253,0.628720313761662,1.82721201873772,0.449924745885816,0.034037559048869,6.32273551934448
0.505954156327907,-0.278293194833628,-0.0408763115676815,-1.34613385346828,0.00814378818053462,-0.359794693752071,0.125240262638203,1.3207252851336,-0.691796272233126,-0.682565977047908,0.471351566243555
-1.79365298848188,0.727146906769504,-0.390794782097515,0.360745605578633,1.59959973845174,-0.635502966808926,0.417367760178533,0.978498233971374,1.27740591676366,0.138356743946399,2.26833451050908
0.61597301766849,-0.104720032316743,0.897509905632551,0.541070073047342,-0.726490198395696,0.640713317207083,0.606366538890507,0.370712426434045,1.4334232155896,0.479186704557484,6.31532948476508
-0.275402770744102,-0.769396939192867,1.38890465746068,0.314607266823489,-1.15719759032219,-0.550125879570505,0.925435955362889,0.749718246982231,-0.360240225619285,-0.993864520075677,1.22048621487472
-1.71212434474444,-0.67899636343202,0.253822809201875,-0.0259193096378097,-0.229387480439819,-0.962288913299005,-1.29581996728347,0.410826650395946,0.0281167445711156,-1.39891439617907,-5.13870880384413
0.0678196982812142,0.914169500431034,-0.634708504697101,-0.532033184521143,-0.451245111868751,0.284646140268251,0.188425001560772,1.22258997369439,0.726945773957598,0.583976053161187,1.28209266656424
1.31910062936361,-0.478065792481277,0.025512667412398,0.795238024345148,0.588842979320327,1.3620625855046,0.618599273485181,-0.127339975568688,-0.0767589097857622,0.552540508590558,2.75868348319218
0.61597301766849,-0.104720032316743,0.0611187915040626,-0.745452628778504,0.201779119788153,1.35793331771255,2.07300876001022,1.28914450894735,-0.802275573914678,0.468836564137236,4.52214639432585
-1.29680841816169,-0.203700602884271,-0.411549992996782,-0.940102822890919,-0.498542579360321,0.124837457839049,-0.605133519463435,-0.238568135246435,-0.620568783468929,1.30814641465778,-0.185689551623585
-0.250363558257209,-1.03543643652121,-1.08073514144432,-0.510404409735739,-0.595140791844635,-0.974261075109748,-0.831962634986469,-1.37876386667693,0.505662621447447,-0.849273754546267,-7.95179076750761
1.80847751975975,0.699536921450971,-0.273127102783014,0.533131477681929,-0.847360035620557,-0.28662753778929,0.834408529896495,0.224701017075299,1.34769969127432,1.45945519725313,7.85471711440509
0.629980742355126,-1.71866579683492,0.210326544146752,0.300945126106334,0.581669829392512,-0.624074960259947,-1.30433287982159,0.598969207589509,-0.721229498221655,-0.693183957050577,-1.45526629709094
1.07254504167318,0.799613707856866,0.130332405312075,-0.876923750500064,-0.150304717346195,-0.510197061510575,-1.29733340327774,1.87743494012672,0.313515263397748,0.923103268807131,2.39662585299274
1.23318480668576,0.595996085030133,-0.811977192176786,0.652425868923032,1.39593119081952,-0.495599856880098,0.146976335693653,-0.583616984760439,0.0802599309717136,0.540212178163945,4.80831491781738
0.116338739958169,-0.664027304624526,0.79572473565046,-0.81144187952587,-1.14032599174406,1.04125311943554,0.112897916347529,2.34679531862407,-0.0518118563267874,-1.23816730239987,3.13525871214762
0.694028169373527,0.511727191155792,-1.41291347477998,0.010851968540386,-0.443707970626921,-0.272020947673717,0.798398202854179,-1.11770564894776,-0.699919942420534,-0.147867402307952,-3.98978513472617
0.492489510326039,1.02487069120176,-1.78767269385179,1.46639279311237,0.113282041649148,0.0463865565231468,1.19246034789646,-0.145222519301207,-0.100989496097827,-0.209164017354897,0.574273889336308
-0.967354434447368,0.258892747183235,0.0421789237837797,-1.80743614848547,-0.462183984533753,-1.59568172240147,-0.484980453932518,-0.160608547102006,-0.334405835509539,0.306362655874405,-5.30378333448098
-1.35209021079363,-0.510411330472013,0.953460491506703,-0.905121129229618,-0.874984563933242,-0.438113705956456,-0.545859920977596,-0.857509583255715,0.070911420414598,-0.285622024307687,-3.37223692111449
-0.588775505291182,1.74496600182927,0.0265378496752635,0.258432016920193,-0.553299093339431,-0.318416650336939,0.243606912944977,0.0294066819440732,-0.348402922990613,0.935961844714369,-1.09105347356797
0.313357909076937,0.367758303727891,-0.00125341963170863,-1.49984529210877,0.453655907412417,-0.0738875573748103,-1.60997699339616,-0.40260289234644,1.67309020120584,-0.411923412123752,-1.32743281119725
0.444450931998761,-0.133110094780828,0.877463066389399,0.10112711846604,0.0484885973342812,0.136150145716834,-2.30316164459605,0.147859417732653,-0.888600386434846,1.50256392647205,0.623236325130087
0.20789743197408,-1.37808790790154,1.07888258485547,0.836703737703378,0.746197585484812,-1.05613415209611,-0.584118267400443,-0.319737564812712,-0.722785857950245,-0.687268834333431,-3.07161306404775
1.10736661141932,-0.803829807652491,0.686055084895315,0.699558205768947,-0.0540481453016684,0.930419128579081,0.226907124107111,1.38017636403122,0.296507767463202,0.243113724613839,6.43088128694881
-0.899912456830689,0.965699538679149,-0.210941293137632,0.50363512285632,0.133191110717386,0.851624200519942,1.93434732643556,-0.0180008854674821,1.4334232155896,0.449562799957064,5.95219671456727
-0.99226195021802,-2.11443013105639,-1.73734574945575,-0.838556593153009,-0.188026716796746,-0.278756391985284,0.31804630542791,0.833149161299264,0.344178408294715,-0.760483021841989,-3.87646498427564
-0.420539919603179,1.12354535439786,0.320198821716284,1.1072681560706,1.29849605935007,0.825285849605135,0.662105025224545,0.000227613677901796,0.864019932756134,0.749502089345626,6.55726906083273
0.700969290134401,0.947258013409869,0.609500374462168,0.694663506084881,1.00611035587262,1.0744263265512,1.08217550050026,1.64455810825277,-0.83614644449712,-0.315658737440202,7.70450489574498
0.434585989687334,-1.10557928134898,-1.15489356451196,-0.00330996329521952,-0.73182130878789,-0.253812667297804,-0.122945330964761,-0.204031635147721,-0.270026328851507,-0.610784426539553,-4.11191790931145
1.10736661141932,0.129141381571756,-0.157637335070838,-1.31711486377077,-0.780922883406586,-0.51136388071546,-0.122945330964761,-0.664996520688805,-0.265147438027592,0.361406109638988,0.123539517153023
-0.556192277311042,0.101439645877479,-0.980246399202558,-1.4281301738252,1.00615040876364,1.17131806588236,0.0842569359022798,-0.51559675825167,0.985277521084952,1.007340886407,-0.488469109559427
-1.5036984450508,-0.651098890276765,-1.67391710799259,-2.10237547087465,0.283440512563348,-0.278756391985284,-1.74162234939738,-3.06953051369987,-2.22960949190469,-0.829686804485983,-13.1928868404863
0.996743708465763,1.49350057324613,-0.168872144652108,0.340868531587837,-0.705771692311143,-0.254522603218586,1.69157362938193,1.18444283198085,-0.590198595296734,-0.188139073772888,4.78349369149295
0.804549254868838,0.373987561685641,0.137338706866821,-0.292786975008201,-0.0800459534876573,-0.31460578896383,0.599020002047492,-0.808913704356285,0.442223973115616,-0.341969243189946,-0.265400733374496
-0.599886458981351,0.0953566318023593,0.822804569382299,0.489775198043022,-0.170998611002621,-2.06373416133476,-1.14831288013757,-0.0324877872719215,0.459618618671035,-0.442380091042244,-3.66874125490243
-0.913944690814533,-0.111422269738484,-0.24881787740793,-0.937259988647318,-0.953177067595781,-0.483703472843901,-1.34901382482212,-0.566277216008706,0.755327413927206,-0.315912568740772,-4.01580564324592
-0.127475332170243,-0.330434382840003,-0.9542956444619,0.369851764958107,0.581669829392512,0.276581058161553,-2.58925206450158,-0.619296609522981,-1.12969085600678,-0.327190351620569,-3.98514840820746
0.644312216036409,1.5960643324389,-0.523959665943137,0.999199993698064,2.50947074366182,0.0710946889410199,1.59415225138521,1.56315954471965,1.89192478071846,1.07326571588754,13.3922400082751
1.4826544665804,0.584011125313718,-0.270842989888233,0.762882372865608,-0.905632483419568,0.442225337446412,-1.15734350609192,1.08412642469027,1.13266122827652,-0.0525933112615133,3.39989919507577
-1.37305682527481,1.41180067348527,-0.201550145633434,0.297429103083235,-0.309974108907205,-0.938335060123803,-0.269179218773198,-1.86231872729321,-0.0312872341528498,-0.211058760064283,-0.434949937024902
-0.8569117232054,0.953522983235514,0.282857244538997,-0.490520181193125,-1.45075326532915,0.405999087710915,-0.540830580568084,-0.988737537863002,0.509826134994818,-0.203278139032816,-0.828656370023892
-0.986568121980426,-2.45129810143743,-1.01278774731853,-0.426674244141894,-0.835729841450467,-1.17806633846134,-1.93610179236445,-1.86224480349566,0.679654009610258,-0.514448330708028,-10.574420333559
1.64706522595922,0.00224148451115761,-0.811977192176786,-0.745452628778504,-1.89971247526807,1.04125311943554,1.31516508970234,-1.21192643887518,-1.50646968050922,0.356922472478097,-2.52213524929462
-0.291963063926668,0.241916471977016,-0.724124266330174,-0.580077576998756,-0.430975863653803,-1.55105070192499,-0.848927871576648,-0.319093732209696,0.0474472982147556,-1.75396400447731,-4.69094865129492
-1.62710621426894,-0.605078877011747,-0.341521222430132,-0.136299452580144,1.3262463888022,0.609278336188037,-0.625717655032907,-2.67043011520272,0.672684220614355,0.270402954680302,-1.81075275058987
1.165907082097,-0.154336811788887,0.353710699212013,1.55402700797377,0.6826474880248,2.62034314706999,1.0327357439747,-0.406853463913662,-0.304358295068597,1.45846913686392,6.72985228256009
-0.152050201106141,-0.473175709371857,0.14191057382205,-0.246389026359986,-1.01411841653311,0.266995671475711,-0.278470085079009,0.795935710552956,-0.290776156844278,-0.96153804430252,-0.743138640779307
-0.947959012028751,-1.66093622932813,0.358648799166821,-0.838024692559119,-0.172451772123038,0.0445594030320558,0.134100569346916,0.849796000486591,0.682469381091579,0.361406109638988,0.624180628398243
-0.477484308465737,-1.11030011818641,0.185507299760078,-0.844389167838662,0.864973087922378,-1.00086286932475,-0.208829210468548,-1.38498258482573,-1.31367274615071,1.01098072037338,-2.49171281326926
-1.35667189326594,-0.879916107741003,-0.256364610606418,-0.201566538828248,-0.874984563933242,-0.791956537870887,-0.834323504499931,-2.20078211534646,-0.604234084101076,0.807903015570704,-6.00078185579064
0.282343313607931,0.536139425135365,0.71850814661383,0.762882372865608,0.933380621762056,-0.264092729031152,1.50891762210317,1.00633401129265,0.0986081764705505,1.62753482230723,9.71746312425656
-1.48119573337207,-0.60268288658679,0.406122274090592,-1.63785003199079,-0.0259016916852911,-0.882767402891711,-0.484980453932518,-0.327167506389049,-1.26319792794692,-0.590551567326988,-5.45610611140856
-0.875444715226787,-1.00823648668905,-0.567994545829895,-1.45444507929029,-1.92499896154634,-1.17806633846134,-1.1673123041696,-3.06953051369987,-0.491679904034941,-0.507456556102626,-12.0459581099717
-0.94333869470684,-0.503138782353904,1.2264106396948,-1.34613385346828,1.05792085353307,-0.146057178984899,-1.48810537999304,-0.454720554983133,-0.286733467177599,0.0283642547641006,-0.109882181356159
-0.0732552184361563,0.0583965447842381,-0.56492701832423,-0.786295347955566,0.750688414315253,0.308145934001804,1.03025324984115,0.411584337084526,-0.0418155352979812,-1.34281534260112,-0.397170424933145
0.0168279768935649,-0.681131462435816,0.641667524062531,-1.73788989172938,-0.363407517810531,-1.14599129138501,-1.34542861299441,-0.114722574999662,0.211038607660083,0.297813617446009,-2.85461206941721
-0.0125984513880673,0.950963141524062,2.03098826582294,0.993018254772711,-0.933006772676643,2.62034314706999,1.08625717481624,0.995079070538173,-0.790559411674078,0.104801955197152,7.41729512882505
-0.874330354023798,-0.0946569931985667,-1.06671489600508,-0.0284121717960803,1.05617169272624,0.465011686391965,-0.330855890942949,-0.64931133724803,0.509826134994818,-1.676546504989,-1.22239851847306
-0.259474479938273,-1.03543643652121,-0.122967517869582,1.03899755305686,0.903959340009679,0.309739010109607,0.978052851799075,0.97805100738006,1.26175792137849,-1.00425758578475,4.22333122474595
0.282343313607931,-1.53211427856914,1.38890465746068,-1.14004086423257,0.756393230436508,0.459154481857759,-2.00672114089649,-0.252760977989811,0.1185051061291,0.562687643854221,-0.375192426714637
0.063311617258698,-1.04987389332121,-0.227611249731486,-1.20231870139191,-0.363407517810531,-0.560700586121417,-0.831962634986469,-0.0741171507720452,-0.616334985297495,0.887265714231861,-2.14412134658774
0.527593064836566,0.701555724996629,1.0914334508051,0.408258504554279,-1.81040343186863,-0.559800266618325,1.47038397616728,-0.191855127449144,-1.64053441386791,0.653193500612157,2.84601760133758
-0.907715880725391,-0.111422269738484,1.93550393707136,0.304556540173692,0.361302707653461,1.60976484281185,-0.13482819523474,-0.62432313162361,1.26175792137849,-1.00933517850511,2.26833451050908
0.491683209330592,0.169514248648383,0.761177346273769,-0.994675156946572,-0.292046693864996,-0.718885350077689,0.113747409466629,-0.732388302198055,-0.509751815028742,-0.352622839143273,-3.29058760108779
-1.02819377570688,-0.544374850133701,-0.761451526319153,-1.0480147197144,-0.746956470449071,-1.57036951154559,-0.875832764104986,-0.73331327909026,0.696406309066823,-0.733108427324464,-4.71696107835157
0.844295026437298,0.415650082184218,0.352418864811766,0.321424385360016,-1.343609023459,0.472329331583022,1.21673321519011,-0.0496180242574377,-0.018261263909875,0.61751843478282,6.44343195272164
-0.739582141894358,-1.16209211572609,-0.469092261917605,0.925773556326832,-3.22295254305115,-1.59568172240147,-0.237744787807115,0.976380659958406,-0.842288632091334,-0.101530470499612,-6.09905724383099
1.1048068338986,0.137066895167082,-0.157637335070838,-1.31711486377077,1.98782950584233,-0.984171045073099,-0.877209229323118,-0.88944986990404,-0.151779874705913,0.77010742778913,0.941500024609821
1.32177416301343,-0.478065792481277,0.718455470449476,0.786040192944101,0.130084487449812,2.74214425551605,0.962748646307233,0.455796621896686,1.09930542879103,0.139136047211663,9.37800973538677
-0.889032179352726,-0.439856682131536,-1.18387208053784,0.731589653855433,0.293442882808646,0.482002589716838,2.11652063904352,-0.43925291770307,-0.691796272233126,-0.0570294665164357,1.54448192983792
-0.899912456830689,0.965699538679149,-0.875751436991025,0.562644413081733,0.748416757889182,0.821775637370765,-0.562602216678545,-0.898734186541105,0.613124336475642,0.139895544919919,4.08355269919102
-0.899912456830689,1.09686686944728,-0.329517393852618,0.861269363680285,1.95057902564015,0.253189274118335,1.21604253313263,0.455796621896686,-0.547996311763252,0.6874495192364,8.08775032070665
0.402722745379631,-0.0400809672933252,0.535893204924732,-0.4354735297973,-0.0332361502213136,-0.255435195955127,-0.176705490867661,0.652150336288828,0.591204185860147,-0.0494272347170068,1.73207583392916
-0.321189465181288,-1.11396844362046,1.03333634959323,-0.396380841586182,0.454811420918282,-0.652392356689359,-2.68630502955077,0.113509945230511,-0.264408292770545,-0.177181695941618,-2.32499160255368
0.0810274923175268,0.809441277818201,-1.22797574568969,0.538429617555246,0.0484885973342812,-0.0880822777295538,0.834408529896495,0.493104321978864,-0.586486783987898,-0.0181195309369714,2.2709429235662
1.20136631965322,-0.418846552725344,-0.00953377731963027,-0.178988496368587,0.364073245704244,0.404164897443295,0.693576432393779,0.168055795787131,1.30391418351275,1.47753772887011,6.68189345203419
-1.30080545361155,-1.11242724600716,-0.608826191461179,-0.638672813845265,0.0828556199499129,-1.0501977948679,-1.70370395018707,-1.19583933663521,-0.62151399796359,-0.653151534397929,-8.31717944129236
-0.310533056422011,-0.0873316914215889,-0.9542956444619,-0.497576429178664,1.30826988355699,-0.240727651482559,2.07300876001022,-0.510223054980817,0.654827953131169,0.658730468777845,2.19777912420307
0.0614309829023368,2.71183845340375,0.640757457858511,0.534846215250302,0.617025554181294,1.99295350397999,1.21641528271299,0.281389990298939,0.634250365313032,0.781392354340196,10.9771013207494
0.134797601244782,0.0252973313220306,-0.67380414425879,-1.85139006060092,-0.498542579360321,-0.667986951439249,-0.118487555636852,-0.320315863955674,-1.51209667595449,-0.00731356170951377,-3.41702747804074
0.634481943099213,0.397522521086705,-0.653752478254082,0.521058211556452,-0.222694313100667,1.16366921380562,-1.31721641358235,-1.25983116878972,0.799168475659116,0.136147911738425,0.795108005773108
-0.715859649628073,0.136044431212573,-0.446859018490828,-0.0231871849926941,-0.377855006067427,-0.652414308242997,-2.00672114089649,-0.204031635147721,0.12185542531741,0.735372464896034,0.367963720583289
2.20916407754092,-0.307875914473602,0.716747734521415,0.41046162017498,1.5788283092141,0.469468608990476,0.662105025224545,0.977728392642478,0.0986081764705505,0.956850781338172,7.41729512882505
-0.99226195021802,-2.11443013105639,-0.352542576027009,-0.0146430310494233,0.246526137485518,1.3356068601261,-0.935335231215674,-1.4983209101686,-1.56401187486451,1.07428873788396,-4.56655196153613
0.696377133274408,0.947258013409869,0.310165684757766,0.737127685095288,1.00056394584269,-1.26749734117211,0.414123507024491,0.842780102303071,-0.0767589097857622,0.479704677862758,2.23272614198831
-0.515300623795581,-0.753329665777578,-0.235917244284197,-2.43454539471036,-2.16781737937001,-1.59173854653608,-1.76414174852541,-0.54973963633323,-1.37864436787588,-0.829686804485983,-12.0459581099717
0.134664834432617,-0.246549537129338,0.618067879971503,-0.110785112489441,0.875836557769534,-0.846175857898582,-0.0398830751175843,1.31536537012804,1.01760346406833,0.93591689810875,5.37389442799772
0.194626564155119,0.290223126347028,0.805744621519485,0.304556540173692,-0.485628883154049,-0.812369984003611,-0.563125376067375,-0.910826989340899,-1.35795525251962,-0.631209040409926,-0.434949937024902
-0.0494051082757634,0.0348780945029401,-0.201543719243363,-0.247425997226517,0.68813402192608,-1.54788703093972,0.465025657226261,-0.383354948982716,-0.417709688424958,-0.411923412123752,-3.07161306404775
0.297138694050901,0.203144395772653,0.404784294742999,0.283363628037536,0.32462027354008,0.0777849829668277,0.128998629261864,-1.06129218833138,0.0562755537517909,-0.880161447689249,1.23903762225316
1.13408450295439,0.0330528724638298,0.626782632356287,1.42051813469299,0.54206813310171,1.4812717363422,0.537851787180823,1.0283205590033,0.0977463603949649,1.48636913873758,7.65997109271234
0.495100542417745,1.02487069120176,-1.78767269385179,1.46639279311237,0.027759481408209,0.706793802123685,-0.582348702381748,0.281163101105552,-0.158823805876796,-0.520657831504789,-0.488469109559427
0.367052068077049,-1.35688785824124,0.210326544146752,-0.408847409645131,-1.32240764753616,-0.910604469019178,-0.834323504499931,0.477853835246901,-0.699919942420534,-0.743231801910735,-5.37168585064116
-0.183183746738563,-0.144240662971489,-1.94979927612572,-1.25771421086789,-0.792363260213659,-0.872037718867776,-0.0999370962496744,-0.415141961065284,0.770141905020795,-0.489693434023994,-4.58833043462409
0.890422277762196,0.71947655700827,-0.135280538749429,-1.67810925356442,-0.227342224139387,0.417394265548362,2.83360275862313,-0.200432861749836,1.05922147971993,1.1090219460209,7.17586087346836
0.646408432007537,1.5960643324389,-0.523959665943137,0.999199993698064,2.50947074366182,1.057550140382,-0.611828885768169,0.0467342387475223,-1.1073605908304,0.179826984656059,6.2223106215238
0.809933625713508,0.518356317654328,1.37154615970717,1.6095682134545,-0.999380377787241,0.521693295110562,0.836972216529254,0.0443066930401608,0.769036724510771,-0.608205903718265,7.26901730171944
1.20136631965322,1.847877427238,1.62880959040051,0.0960105550129909,0.964711082958388,0.758001177707179,0.949793489746472,1.7202150919714,-1.87533380734814,2.30428056417493,10.9771013207494
-0.237863115126603,0.53091555221448,-0.67380414425879,-0.511062609491449,-1.75999319306877,-0.378865898905134,0.606442180540355,-1.65623019822279,0.183309539889069,-0.636561920003644,-3.64518137412985
0.0909836290583795,0.0720676663050769,-0.233567499586914,-0.226651063755217,0.352423846519019,0.0615758288855458,0.266284256318836,-0.205036349064165,0.11596350372091,-0.972844693912508,2.07623286518854
-0.316296785404404,-0.0873316914215889,0.879885253978015,0.500629376921708,0.487406558107736,-1.8046943499006,-0.407688323702102,1.3840782618951,-0.56282053996966,-0.220295016422852,1.68981150481897
-1.98704541569308,1.02205598363449,-0.261176463734606,-0.525231829593489,-0.389011475376918,-0.34519280440899,0.224149499393484,0.0273498058708907,-0.124955247921016,0.259839528308444,-0.555451129996664
-1.13905121755977,-0.50671322427874,-1.60380911557396,-0.0188086504731746,0.616646160769047,-0.611628533694816,-0.255697288526879,-0.24773452137565,0.258518886673183,-0.157598184517347,-2.72999345672886
-0.145706520356088,-0.218724558852606,-0.283313758292903,0.010851968540386,-0.933735015050647,1.11962168141462,1.42030452991609,0.863466365418331,-0.799422959479151,0.665492020344535,-1.09105347356797
-0.433738483669654,-0.0661215562627343,0.641667524062531,2.45885343620163,0.109061797074552,1.26243904041921,0.380810025196975,-1.11246732580739,1.4334232155896,0.0380848596779612,6.85849407262931
1.39450866670873,-0.586903156804196,-0.0803698192906977,-0.919611348102783,-0.314738202952979,1.00540986465699,-0.346334147836478,-0.850307621406367,0.1185051061291,0.674125313336119,0.474065488358882
-0.177461970574095,-0.144240662971489,0.723093415019749,0.306530638766678,0.0480158879592988,-1.00084260661019,-0.842807698957262,-0.80230634108515,-0.983486760885154,-0.236521606745645,-1.93814322983281
0.172276352376051,0.897733393482461,-0.22491156109219,-1.49984529210877,-0.0637036215265302,-0.361718499010678,-1.60872183342337,0.465101974763074,0.234396982205279,-0.610784426539553,0.426348397583049
1.13021552609897,-0.156179037846142,-0.278978834776094,-1.49488358676596,0.766901373785707,0.618135325163274,2.11652063904352,0.0223508776313394,-0.132525274171206,0.920690798456897,3.19284895680218
-0.33634871761205,0.111400955828123,0.0944300186544896,0.489266207595207,0.232263450824597,0.122152646158965,0.503305825726507,-1.62243153786598,-1.35956476523311,-0.615900313028429,-1.04372110484747
1.38850342162248,-1.4884231812648,-0.0408763115676815,-0.66456691701737,-0.227342224139387,-0.984795923597592,0.10114151068387,-0.585623542906442,0.153346854816406,-0.116739117561112,-2.00220820214537
0.150065727279527,1.24424387033279,-1.12439457104051,0.818550503546007,1.05394274824059,1.29687932765707,1.00076223466729,-0.339837208456493,1.92451147964929,-1.52123409321023,7.44071220783854
0.634481943099213,-0.114493271234258,0.102497872217254,0.266062606120885,0.897996081663186,1.34592106705689,2.18787914759036,0.293631854820609,-0.802275573914678,1.59438303711842,6.70174067951802
2.23727394953898,-0.95863211306567,0.791263793201562,0.460414417049807,-0.734068909126284,-1.05613415209611,-1.85296279338428,-1.86231872729321,-0.483049936087129,-0.752300952146854,-2.38847212075993
0.359476506315359,-0.767718817599259,0.078930789809501,0.845519411734513,0.897996081663186,0.20840771486042,-1.53600136356961,-0.954294444331845,1.60077493998351,1.81932749871916,2.0682030725035
-0.189371419762916,-0.806290389450229,0.0931028989266928,-1.18364383318582,-0.757287262460908,-0.584526707999763,0.339020167741095,0.794557443002378,-0.250891136520954,-1.35639184313087,-4.37276719661779
-0.607605057998034,-0.296153382179134,0.097406027777282,-1.18364383318582,-1.39906760866883,-0.766556437127583,-0.251408230965844,0.113509945230511,-1.07833717283709,-0.166055480698022,-5.37168585064116
1.63242732209202,0.148012401690755,-0.759425933845869,-0.0190125060349725,0.00663428928297245,0.635493262575485,0.525404535038044,-1.50557747136233,-0.660781597098883,0.126410449564461,1.39294628838648
0.11269989696113,-0.00426508733969631,-1.36210726219938,0.369851764958107,0.570330567087167,-1.40954934498271,0.853895089548908,-0.0829628569999768,0.509826134994818,0.839647599036161,-0.0298410205191744
0.901776161732229,-0.768259446797337,-0.959458754055339,-0.275956968753922,-0.924744677295877,-0.159704958875084,-1.63759977636194,2.51274861166696,-0.290776156844278,-1.31160795590112,-2.47420201966448
-0.433738483669654,-0.0661215562627343,-0.980246399202558,-1.44633283348893,-0.466426400729521,0.322454440721027,-2.71137196267656,1.07053199687214,-0.265147438027592,0.0459485104420621,-3.07728234024064
-0.171416804438403,-1.87426721903994,-1.00373739570171,-0.638672813845265,0.0936872234744565,-1.85135026726964,-0.201583660280697,-0.73331327909026,0.696406309066823,-0.157598184517347,-5.70519608239057
1.20831021268899,-0.418846552725344,-0.658843709838286,-0.0552317763393967,1.17959623645114,-0.542428988566086,0.943939543126059,0.766239658360515,-0.348402922990613,-0.283322035364332,5.00014445834038
-1.98704541569308,-0.0617918203657296,-0.187807401154398,-1.65967575279329,-0.961748826666469,-1.19149167818879,-0.913277426904091,-1.95147175262543,-0.911823806026874,0.245776581100043,-8.39507926695267
-0.423762812441136,-0.47892818634399,-0.660726415168618,-0.690778808770493,0.433056613903477,-0.587183305242736,0.483080648109402,-0.0907320105462551,-0.268993397616193,0.356922472478097,-3.29058760108779
0.992616151386076,-0.303247017615662,-0.488349269415845,1.04077237128857,1.07977305272598,1.85498396553531,1.08217550050026,-0.329027799070587,1.68479010948597,2.87092607377008,12.0745970227981
-0.953546617242174,0.596520348726852,-2.72150542374139,-1.8754141752363,-0.506887940071019,-2.23062905096227,-0.765104881476515,-1.25774876827951,-1.14011343403831,-0.829686804485983,-10.0315108931387
-0.835045381012625,-0.00114464048568716,-0.457374380254935,0.312264803798156,-0.128084776288415,1.25548858678307,0.798398202854179,-0.43925291770307,-1.04615507620807,0.553210555096319,1.38373333090469
0.459133193278835,2.30732736946396,-0.829114248792809,0.699558205768947,0.514876494498477,1.0471709132454,0.602672838362248,-0.404175081571215,0.823349167656497,0.0794923375739784,4.87153682428971
0.225043506445109,0.259235724746759,0.89224326169978,0.248463366852707,0.852305889019212,1.85498396553531,0.983408053658233,0.224701017075299,0.76591184261339,1.10906359905993,7.41729512882505
1.32762286270881,0.948972940484438,1.22508873375579,0.132779610063778,-0.23620518587577,0.566909712448491,-0.941772993197404,1.51783767615012,0.959610000153733,0.243113724613839,6.67797030860858
-0.151197986392203,-0.473175709371857,0.14191057382205,0.401510697562513,-0.257373089157505,0.376244145663852,-1.12698826620367,-0.64931133724803,-0.0616547768352835,-1.676546504989,-1.49583680534181
1.10083673801385,0.0427154200547435,0.318357315875485,2.83916596655473,1.1401402136715,-0.61435692537365,1.53211744221813,1.30754343766312,1.89192478071846,1.50263255116868,9.35561933071124
1.10083673801385,0.0427154200547435,0.318357315875485,0.111841047028362,1.15548111650161,0.27130541041467,0.846239467115452,-0.346752228188556,0.311079159631573,0.680873373729893,5.47821813363157
-2.0072517502199,-0.0617918203657296,-0.197361313244327,-0.0284121717960803,0.413249616604408,-0.327828081999364,1.31516508970234,0.0273498058708907,0.786638852637057,0.743012656741456,0.723017122199569
1.07254504167318,0.799613707856866,-0.811977192176786,0.652425868923032,0.714892964952031,0.0709482172378,1.6071263785916,1.81190602677674,0.313209788436668,1.11508186242592,7.3464812279438
1.92356115507387,1.5922426459637,0.0101262644955315,2.32872505199922,0.500612695551349,1.74102585084849,0.314869792698618,1.7202150919714,1.05944925480582,1.22304157668934,10.5844812214801
-2.19148572017334,-2.82693646112582,-1.42676079972888,-0.437953950969646,0.283440512563348,-0.580135603434877,-0.664766202289577,-2.70146953785401,-2.22761785096355,-1.19254930174509,-13.1928868404863
1.52722630291888,1.26859198062899,3.53454154794078,1.86724755192514,0.947793529097901,1.15038769681312,1.59415225138521,1.25174562382504,1.36390776596401,1.65411333245767,15.5465801244179
0.585963195491005,0.556384876833244,1.76784774226868,0.419652586970122,0.509542853511213,0.107632239547254,1.52522573953751,-0.290973339760236,-0.571210528312552,0.179826984656059,5.53175911044064
-0.161952876842139,-0.0935221203255539,1.11058073695163,0.973498524937523,0.277556969127868,0.704677181836023,1.00860580387034,0.20788289997265,0.855923685523679,0.687030911812544,5.87475532327675
0.844295026437298,2.3063901176087,1.4820630851029,0.688594920428676,-0.633602078467672,0.0710946889410199,0.461893362659868,-0.0595149461782038,0.449245999433246,-0.800916675077077,7.37184562150603
-0.447564088216925,-1.24923770607184,0.462622632260284,0.684894659183789,-1.65809557959714,-0.507475834251203,-2.30203336331229,0.513447156161223,0.30882660771732,0.176467933051535,-4.11191790931145
-1.27022065652045,0.178884432179419,-0.283239219936424,1.8568921597187,2.89073128992837,0.596430982793207,1.56720361040145,0.0975050397618351,0.449245999433246,1.70935246009334,6.72985228256009
1.27707379233787,0.721706288912502,0.676344748027611,-0.259182445190871,0.357948949284142,1.85498396553531,1.24510751293537,0.0714923392243267,1.71477728962019,0.474121622369366,11.0509582444226
-0.829481517015014,1.2107913090148,-0.884183063597223,-0.644410610663586,-0.604255549809418,0.490794882422456,-0.514747518829094,-0.773674409992667,-0.073218457981875,-0.398986818493357,0.189288856949054
-1.04280418850038,-0.544374850133701,-1.26958237256304,-1.10875874782541,-1.09325832044348,-1.36096547214998,0.45296070212947,-0.755964549792257,0.513418551812204,0.550944945748076,-4.58833043462409
-0.321189465181288,-0.132471153597352,-0.344488052853363,0.684894659183789,-0.40732377642454,0.760129378840073,0.599020002047492,2.12799045962317,1.63146304855755,0.51217781999434,7.39897340599927
-1.92654392494877,-0.819471044147385,-0.913659064985481,0.339282028937389,0.447432422786519,0.207925309422827,-0.626030843345798,-2.10994444965184,-1.49854310250176,-0.639197400038509,-7.52545321581201
-0.316296785404404,-0.730737766291172,-0.826581658974456,-0.357206471179068,-0.600032268717431,-0.910604469019178,0.462716617676305,0.172535422720342,-0.907490956685738,0.176467933051535,-5.2391444313143
0.297138694050901,-0.282392516814628,0.620964622927048,2.30035305693129,0.446839943118511,-0.188006843540009,0.371962701730182,-0.0350176001327389,-1.43367965954485,1.7384170141931,4.94892855201454
-0.953546617242174,-1.66093622932813,0.358648799166821,1.01795909786397,-0.0884362208960319,-0.240727651482559,1.17885424569023,-1.5788955431542,0.373276689973381,0.675313681303906,0.91080270256679
0.979577929418091,2.05102925739844,-0.676924855616698,-0.483916894498454,-0.344113176786521,1.60976484281185,-0.0132119367928835,1.2648104720481,1.01544606533506,-0.0525933112615133,5.43345418578276
0.491393754363032,-0.542907843429657,0.278560097599861,1.67812151102434,1.11956275664235,0.0928520773295218,0.536735008317269,0.20788289997265,-0.552615574787215,-1.63479224912312,1.66223876996746
-0.904817284290564,0.965699538679149,0.274927230260423,0.557531139880786,0.191332902415649,-0.327525336964012,-0.123587497160733,0.261742596958653,-0.0119993506933444,-0.890023626244109,1.38373333090469
0.444450931998761,-0.781121410273565,-0.941649053868266,0.0155340855653799,-0.301933368484423,-0.810440420158631,-0.00551607942621634,-0.0733375005932892,-0.842288632091334,0.368921074558188,-1.81075275058987
-0.899673035195583,-0.439856682131536,0.0196102108108463,-0.156199285439442,-2.6270482553226,-1.59568172240147,-0.913277426904091,0.751175290303738,-0.118446315764315,-0.253807456686398,-3.50219100026551
0.0168279768935649,1.09630800732532,-0.334762852009521,0.269924900994314,0.270908607597992,-0.0385281956788094,-1.15734350609192,-0.445612242890587,-1.03721869967943,1.53329661961696,0.905232015608526
0.10671463769339,-0.146518418173177,0.357235393933479,-1.09434955488886,-1.05469023488783,-0.688549139694333,0.728218186019441,-0.773674409992667,-0.907490956685738,-1.70661864417744,-5.13246594444898
1.23607259467388,0.595996085030133,-1.29611834832203,-0.390881528962548,-1.15719759032219,0.606628513812337,-2.74107483818561,1.44387305069216,0.899594853334295,0.575222979368248,-0.25213633128869
-1.04280418850038,-1.35626136735277,-1.42699613683982,-0.379465846850328,-0.0365650211463159,-1.45708977791308,-0.613466670486749,-1.83664258084416,-1.37864436787588,-2.19562368561791,-12.1950188435935
-0.494841713252267,-1.04118842003053,0.196543274343876,0.204188784408773,-1.58168049070597,-0.317514161081822,-0.957196845014111,0.381418903064354,1.54169004206378,-0.021302441698739,-1.04372110484747
-0.161952876842139,-0.0935221203255539,-0.67214163986549,0.259216406742401,-0.559512076402363,0.657552413790931,-1.85296279338428,-0.621551944291058,1.60271457071723,0.0283642547641006,-0.043794754762952
1.33126180759993,1.31989994552206,2.03969335207204,0.53314623802609,-0.999380377787241,1.48420012514828,1.65692366206932,1.56315954471965,-0.501556470927269,0.0477358976185368,11.7148383704733
-0.359250804539258,-1.35905016018922,-1.59679630695055,-2.09044858111784,-0.870115582395945,-2.55142776282176,-1.21053031413088,0.2315299212531,-2.32233485495921,-0.993567460980985,-11.9645305360516
-0.0835510925681361,2.43499405245451,0.832597924176028,1.6095682134545,0.805702649570851,1.38240851890729,0.580456132325714,-0.991220437587201,0.182852583580327,2.12273119983257,8.94114516237261
0.188244167010106,-0.603641665938221,0.189357807667996,0.340385957855789,0.31907775753987,0.404164897443295,0.171735704540276,0.481395208145507,0.445799703788784,-0.439279620202557,3.06566008038566
-1.1541511948354,2.18641704266006,0.197881480205317,1.1072681560706,-0.903167910443768,-0.481210345873946,1.26641600585657,-0.0849925830926808,-1.24292772253046,-0.358518342525285,2.16944618957005
-0.113605485040478,0.0688348878818252,1.90455893032075,-1.89604026786418,-0.461689412276417,0.0790834759286509,0.124967771628163,-0.0528928755852938,0.638308675802708,0.349252800978286,0.223772748896505
0.545790326543282,0.822420984008978,-0.23275487848801,-0.513821903625425,-0.766537449100283,0.556029678709533,-0.11120801521227,-0.362765684411329,1.17866447350051,-1.17687704031941,1.23903762225316
-0.271563250439628,-0.769396939192867,-0.457374380254935,0.950680295995826,1.40045538738372,1.32624978659326,-0.979659082741937,-0.343342946009889,-1.45656640189893,-0.752300952146854,-1.55318293810089
-0.291963063926668,0.46654190175876,0.93834818638662,0.999199993698064,0.0838498108343968,1.69325541322235,1.07932801155128,-0.182362380934319,0.769036724510771,-0.800916675077077,7.39897340599927
0.545790326543282,-0.820439450306753,-0.874973844402547,-1.80732663118513,-0.955259651156658,-1.32625325414939,-1.36114112544464,-0.0816836227464395,0.0188266442827454,-0.63682464865599,-7.43369500920851
1.63242732209202,0.148012401690755,0.429819598571248,-0.259195518670323,-0.553299093339431,0.690741494896725,0.675822620081798,2.47461272854739,-0.0431855863358946,1.67947538635431,6.55726906083273
0.78542901421248,-0.500891958286035,0.320198821716284,-0.0190125060349725,-0.029877290291185,-0.574580193050312,-0.0710817688030353,-1.31854055393242,-1.24284256890821,0.00317548509742299,-3.03054423933884
-1.71212434474444,-0.0883105938232855,-0.0574225816925184,-0.838024692559119,-1.8272599189076,-1.04000894887951,0.957611783698174,0.283163708419168,-0.264408292770545,-0.907129758127143,-3.90726619923695
-0.876732478497866,-0.0946569931985667,1.60497982423145,-0.900095384571652,-1.19726633054219,0.816164367494294,0.397790347401554,-0.946745778085072,0.176087833588501,0.409631344376547,0.342143334083015
0.890422277762196,1.52572137060186,1.22508873375579,1.54994925536278,-0.235607000926467,-0.781781284333842,-0.47077472452767,2.16906586923063,1.61150745182831,-0.315658737440202,8.64591802499664
-1.30944993318434,0.0162707055283793,1.01914782246425,-0.24590036015835,-0.830973932301978,-0.652392356689359,0.124967771628163,0.36925344307072,0.00789602802541077,-0.583744643026251,-2.52213524929462
1.15217024132877,-0.696388401787188,0.568263259281919,0.291660247130918,0.45687384323541,-0.260280759587531,0.380975548106167,0.852221697639503,-0.482537894886386,1.7384170141931,6.26981974792638
-0.607605057998034,-1.09483153351347,-0.761451526319153,-1.1383228500683,-1.16359287500457,-0.925519317615432,-1.96654892468421,-0.477770670863252,-0.62151399796359,-0.429360504233863,-7.79188072269633
-2.0072517502199,1.02205598363449,0.196543274343876,-0.991540896014381,0.433056613903477,-0.340284604975166,1.0862876797578,0.610382162766635,0.447436903771253,0.0119526099129751,3.19012457557844
-0.310533056422011,-0.0873316914215889,0.79572473565046,0.306530638766678,0.741025781487296,-1.2679593591609,0.00121319554580708,-0.344188509877297,0.147084483260544,0.586012018687881,-0.488469109559427
-0.918917426815942,0.0423774102540624,2.17067335518744,-0.463291688136492,-2.31983070679152,-0.622445577004554,0.356839699374576,-0.679384188142498,1.7582974014288,-0.659662506857083,0.294116243287082
-0.315959001680287,-0.0873316914215889,0.879885253978015,-1.72756386951341,1.0809821422389,-1.45364243887926,-0.122945330964761,0.402933754678906,-0.0616547768352835,-1.47375036016756,0.2773834346969
2.95811946812307,0.234221273974917,0.644560550053603,1.84593839636676,0.376570517274302,0.855567169777074,-0.551999745806381,1.07176222399405,-2.01508083366648,0.837374702520083,5.8373520230232
0.527425038814616,0.393316253467149,-0.962959916659403,-2.15135060993128,-0.477835555007926,0.134186675429471,0.783026705011221,0.995784666419407,-0.312253738030671,0.398790288140344,-0.674075842277846
-0.941295384771111,-0.503138782353904,-1.50068988979919,-0.235022478751325,-1.014527190353,-1.13597620148694,0.62152873470411,-0.566277216008706,-0.579152595405194,-0.733178284625506,-4.48155473416752
1.32762286270881,0.948972940484438,1.05459077957258,1.01494975972524,0.550507191205262,-0.229944038303355,-0.0932264268507524,0.786428356590286,-0.231534686003059,-0.153897177804066,4.3274837175992
0.505954156327907,0.711202377497723,1.1056035902471,0.776229810752846,1.00611035587262,-0.246135455310267,0.159953507442549,1.0283205590033,2.06816700896526,0.876603136627999,6.72985228256009
-0.0835510925681361,-0.421802415773358,1.16056986676989,1.21715079560671,0.811048472061022,0.0100621171439643,0.440606152253918,-0.00349004368854778,1.26175792137849,-0.281637107453463,5.49380559620473
-1.30080545361155,-1.11242724600716,-0.60415532786284,-1.35779458971752,-1.01809056587201,-0.21859586365664,-1.96315806996619,-1.42246500350857,0.89862134019296,-1.84736443790543,-8.2839521452935
-1.48521907660692,-0.60268288658679,-0.324757553860141,-0.730279835434054,-0.466426400729521,-1.50216350142741,-0.734106340593177,-0.51749948118032,-0.856951383888668,1.09442017689249,-6.22013484193663
-0.0440731273499616,-0.799260974306198,-1.99374626933119,-0.0146430310494233,-1.77620398019754,-0.493824214297063,-1.34901382482212,-0.082843601568935,0.270018077639593,-1.35113402235669,-6.41566044395006
-0.829481517015014,1.2107913090148,-1.47896877267356,-1.09311732607233,-0.249291321220718,-1.00086286932475,-1.50425776833598,-0.0404924786761002,-1.73799491141605,-1.24803716072149,-6.41566044395006
-0.899386677188312,1.09686686944728,-0.329517393852618,0.157256961622056,1.17959623645114,-0.412482567975214,-0.924938986787221,-0.957825299524111,0.700019822360418,-0.137764370280759,0.117737680247465
-0.058102600657809,-0.370490953684481,1.0357707164031,-0.566519394171235,-0.430801157535641,-0.045614481901312,0.125240262638203,-0.213385723367676,0.575802825237435,-0.0466213062187709,2.6333054475542
0.665970528803294,1.22543122064745,0.177778286263828,-1.62627682899156,-1.01688774588423,-0.781202865127707,-0.56731979228782,2.55421294669946,0.298448515396583,0.935961844714369,3.26725595862427
1.04848566485427,0.0833537048118589,1.39692267450213,0.818162011256691,1.02908910122105,-0.476420675257657,1.42972688425038,0.577534581721602,0.256835115390903,0.926808589814994,8.58279341945668
0.385009142305978,-0.783207736024557,0.584794673952869,0.777083035065367,0.429306107053749,0.851624200519942,0.825532750552466,-0.124132481544943,-0.799422959479151,0.534496071008694,2.85349073532422
-0.423762812441136,1.57181618874234,-0.634708504697101,-0.390881528962548,-0.257373089157505,-0.0948003546588868,-1.25684716241848,-0.357572482437706,-0.924864831606696,-0.899068985458246,-1.49583680534181
1.15597885368529,-0.0740478747396693,0.57777959332087,-1.13773771987605,1.51460554993298,1.47416448338338,0.776911652561487,1.64448312842014,0.123782968119353,2.92590897442305,11.7148383704733
-0.637192228084401,-0.553295132318399,-0.806208137857693,-0.167502198722647,-0.493812861744601,0.626777821531879,0.652997099430811,-0.735428238413266,0.0636791085972279,0.0695948127313287,-1.57721573063519
-0.293368542773303,0.46654190175876,-1.0641891327939,-0.158410082899586,-0.840399952492989,-2.03595648607517,-0.650773886163137,-1.5788955431542,-1.75211710498666,-0.907129758127143,-9.73107762064642
-0.278511152875361,0.42973904141928,0.486640391907956,-1.6802185629604,-0.276851052288285,-1.82213442172087,-0.0314098805737281,0.501367545456712,0.21360597665445,0.31752693046881,-3.98978513472617
1.04924172844058,-0.199355702249971,0.520715682499112,2.83916596655473,-0.235607000926467,-0.229944038303355,-0.288325883677817,0.167330160622897,-0.636816151228466,0.965223859328544,7.21058101397391
-1.08764797547215,-0.530994780594336,-1.00904643309022,-1.25771421086789,-1.18516283373867,-0.0349578743038483,-0.94152735511829,-1.95147175262543,0.188603692336336,-1.84736443790543,-10.5427430292539
-1.92654392494877,0.713008560943656,-0.761451526319153,-0.634979450005552,-0.110754807450832,0.177192976703185,-0.546613164693446,-0.340950298386396,-1.24284256890821,-1.64054933298768,-5.21743979804742
2.86114859232438,-0.714700011365367,-0.273127102783014,-0.951747695873632,0.609765450593273,-1.40954934498271,0.853895089548908,-0.0496180242574377,0.252471288647154,1.2811546085968,0.574273889336308
0.022207790215195,0.955831782948914,1.37577791191162,-0.309382875286453,0.499921052765983,-0.440855466374388,0.68682031220967,-0.583616984760439,-0.0119993506933444,-0.207841107889105,1.28209266656424
1.52268996559629,1.27907202681297,0.282273262975341,0.987635727161198,0.550507191205262,0.199183907096483,0.0203737399269994,2.05176955534677,0.260898662162984,-1.06646654705444,5.66050808009167
-0.237863115126603,0.53091555221448,-0.67380414425879,-0.511062609491449,-1.75999319306877,-1.50061311007383,1.32413396175196,0.501367545456712,-1.05489098524625,-0.849273754546267,-2.4433249380967
0.0767226754119014,1.99673936497702,-0.0290300959949631,-1.07848075179636,-1.16985296037475,0.760129378840073,-0.517676949204316,0.852221697639503,0.0756858614294574,0.575222979368248,2.09086351986628
1.13860258222473,0.0330528724638298,0.626782632356287,-0.0610658160799309,0.41757610260924,-0.412482567975214,0.628720313761662,0.511961743766522,-0.077634660787125,-0.861997723135754,2.8458196553048
0.829665768264458,1.57125827617736,0.0858805105699781,1.20006677840706,-0.810786646476171,-0.37012694115839,-0.193623248436815,-0.339837208456493,0.545492814990548,-0.715216512922676,2.39662585299274
0.309204885894473,-0.698360452281654,0.274927230260423,-0.49202528085448,-0.780922883406586,-0.568583660361867,-0.282881766968261,-0.0907320105462551,-1.19678583650956,0.236494720059524,-0.606364443158609
-0.171416804438403,-1.87426721903994,-1.00373739570171,-0.835091497158969,0.660059922091123,-1.07154203876041,0.124967771628163,0.627413943589172,0.265611614624499,-0.96153804430252,-5.00786679316244
1.20551967212914,-0.418846552725344,0.704198354507407,0.062100326042869,0.300974417473035,0.821775637370765,1.93434732643556,0.764681482312748,0.214340760928712,0.107966994127825,6.32144896496428
-1.32114496945755,-0.203700602884271,0.0772987033296887,-0.0310141425165419,-0.321200218304995,-0.327828081999364,1.07421561321132,0.577548376429835,-0.0418155352979812,-1.5022513951817,1.8939830571638
1.08379192121485,-0.0349180079977324,-1.12439457104051,0.847253125026793,-0.105767909767345,0.122152646158965,-0.671921821220756,-0.156504119300409,1.7582974014288,-0.825122124855816,-0.457311243907954
0.704358811684559,-0.667722263285425,0.257468005142485,-0.680360116353787,-0.301933368484423,0.609278336188037,-0.323894538197631,0.957122391136438,-0.298234524328392,1.98210394082148,3.14499081371098
-1.65157328267991,-1.20316688401352,-0.352542576027009,-1.10875874782541,0.438317757974805,-0.469055232794551,1.32413396175196,0.278469058970731,0.373276689973381,0.750209262774266,-2.56262484912419
-1.32114496945755,-0.229919710374119,0.363454147205001,-0.534492860364052,-0.600032268717431,0.177192976703185,-0.314193712353685,-0.340950298386396,-0.513654194228905,-1.06523912790939,-4.11191790931145
1.56139583267776,1.04097481563745,-0.569937068840925,0.856231106907887,2.52107168891381,0.505325056124645,1.61562078219932,0.506736817462407,1.51635794711521,1.44563872307719,10.7621182960033
0.844295026437298,2.3063901176087,-0.0615194806905335,0.000924422112321998,0.624255770228527,1.38514366113056,0.127040696509931,-0.301159701082627,0.491595908603565,0.479704677862758,7.63413747621625
-0.599886458981351,1.09074867474525,0.871330122760697,-0.738506038168172,0.498603866107684,-0.487824251565268,0.203029518427873,-1.5249394480735,-0.69231921229419,-1.676546504989,-2.00220820214537
1.20136631965322,0.435545320866008,0.413574042911318,1.06001854906211,1.45138445955027,2.28604693267132,0.206690545460499,1.22341622069317,1.01475141802759,2.18661606856646,10.6137904999533
-0.385058888361749,-0.429986682839072,-0.227611249731486,-1.33481554376492,-1.10992313717336,0.0445594030320558,0.339020167741095,0.172535422720342,0.760955556895793,1.49780705541335,-0.925323364471641
-0.161952876842139,-0.0935221203255539,1.11058073695163,0.973498524937523,1.05394274824059,0.863192238046312,-0.335153212845954,-1.91447867201452,-1.39878199980997,1.75802656562771,3.23477406854224
1.37938190388401,0.0539916517325056,1.13319251197387,0.41046162017498,0.662633039460384,0.455026397272777,0.505750568311959,-0.130860931551506,0.193725347515445,-0.315658737440202,8.48874445112621
0.991707566934655,-0.303247017615662,-0.488349269415845,1.28318174637989,1.40366091961899,0.690779317572588,1.08217550050026,0.794748596141238,0.197977418346724,-1.0132197530718,5.16863160160841
-0.478368279487127,-1.11030011818641,-0.172922095437352,0.369851764958107,0.591076860725867,0.482002589716838,1.21673321519011,0.715449263287187,0.186954013655298,1.03062486768657,5.75740650225937
0.134664834432617,0.0252973313220306,-0.67380414425879,-2.65106653973795,-0.753040008139289,-0.299886235650183,-0.0201814256593264,0.172535422720342,-0.29436788490008,-0.475377183810335,0.179454193767623
-0.899673035195583,0.965699538679149,-0.875751436991025,-0.722044124972688,0.766901373785707,-0.763829754084467,-0.0893523847607769,-1.84046766000437,-0.141907385432296,1.26587222843259,-2.17121410059512
0.505954156327907,0.711202377497723,1.13232635661821,-0.309382875286453,0.637777080159947,2.74214425551605,1.19246034789646,0.915432686505968,0.11473690413121,1.38583457987182,9.60318402432107
1.15597885368529,-0.696388401787188,0.568263259281919,0.291660247130918,-0.869437914805574,0.0751192857564617,1.68959913621174,0.168055795787131,0.500948681725963,-0.848899290525521,6.63056427279216
0.485199263269823,-0.147949691188417,-0.470283628459791,-0.0570597085570755,-0.714877599833253,-1.79659560184385,-1.56418576757137,-1.5788955431542,0.858316430709463,0.493497514124854,-3.37223692111449
-0.192332833704985,1.54290946135697,0.709567837043753,0.861381481600035,1.07401367485287,1.55548200121228,0.602672838362248,-1.604884991454,0.458905754801159,0.0978974757102785,4.87153682428971
-0.129207852021024,0.351778979275977,0.843080270077705,0.272516669734085,1.07492978592018,-0.39510715112998,1.61607897161652,0.332535732341798,1.01181632767321,0.0748731728505733,6.77275224564275
1.17438248670914,-0.131500987137248,0.855634870596836,1.99085210828304,0.269794560997897,1.55548200121228,0.93103675042732,-0.602425724335019,0.236356237616427,1.34742159954022,9.16821314789734
-0.0598542717616099,-1.23358305638004,-0.668467102235023,-0.66033464959565,-1.05918865292241,-1.84014833364641,0.998484364922763,-0.906731999218655,-0.504694643452231,-0.381373210975794,-5.21743979804742
-0.64892808533117,-0.853716759771436,0.185507299760078,0.204188784408773,-0.491567437795639,-2.03595648607517,-0.430145371525223,0.0840622897764003,-1.63762552965789,-0.398986818493357,-4.71578265841487
0.585963195491005,0.556384876833244,1.32499572592104,-0.259182445190871,-0.374948470006407,0.916580371170725,0.189493999887154,0.511961743766522,0.256411815125462,0.030717916524413,3.31331035754008
0.0919037978879786,-0.497083830512638,-0.616864406691928,-1.37008726702917,0.0213892563349617,-0.364554982985842,-0.848927871576648,-1.00683109413797,0.0138114840831257,-0.415188388127016,-3.80616604442147
-0.237863115126603,0.0686967482081803,-0.210941293137632,0.297429103083235,1.21209069482511,0.136150145716834,-0.84802827964959,-1.98667596838281,1.22987360127026,-1.80460582354526,-1.18350738799399
1.1048068338986,-0.803829807652491,0.686055084895315,0.699558205768947,-0.0540481453016684,0.930419128579081,0.484894472937013,-1.06129218833138,-1.88981306399257,0.855381938730855,-0.21947178314332
0.760469067857741,-0.430804593230585,0.404784294742999,0.38254671711169,1.59269984569957,0.190813939820769,0.502440993922945,2.05500613625412,-0.239368937861703,-0.153897177804066,3.57038486227428
-0.191225474133801,1.11166521728022,1.78709125290199,-0.237035141604184,0.550234449409158,0.556097984606178,1.00860580387034,1.38723131200961,0.0977463603949649,-0.0283740852515604,7.16520994569495
-0.321189465181288,-0.132471153597352,0.799495734471933,-0.409860928135691,-1.01688774588423,-0.781202865127707,-1.09852149725574,-0.781286314383296,-1.63762552965789,-1.0869805616616,-6.09905724383099
0.835855451266969,1.10540880968132,-0.811977192176786,-0.176202979260801,-0.9557770338374,-0.0279656041686757,0.52637298176855,-0.163755464036816,0.176087833588501,-0.212331357327765,-0.12111191160954
-0.391035135081756,-1.89278003547611,0.220690355297789,-1.58234622725856,-0.559085598865146,-2.36246870911078,-1.25375904116429,-1.09633933310185,-1.69494552723537,-0.914126373897536,-12.1950188435935
-0.0117107008188604,-1.34291228311062,0.765597912596429,-0.226651063755217,-0.313192518502719,0.373103010351573,-0.0668548358757726,-0.500568234802345,0.59366056924661,-0.873528605311288,-0.043794754762952
1.05141980257696,0.649014363991387,1.15346246775904,2.04962545079446,1.7068403343524,1.38240851890729,0.999583648407796,0.301698162824726,0.554251703004863,2.08908098574039,14.3052434249037
0.996743708465763,1.49350057324613,0.0746385358472695,0.163457636519937,0.662633039460384,-1.07272611596029,0.911410075320153,1.58601288690273,-1.01218917798678,-0.627806937623486,4.94576890903979
1.01868507239699,1.11051000551106,0.381052191090596,1.08174522531861,0.543408732907228,0.659341918846504,-0.163944893131257,-0.685499488704809,0.615333797531906,-0.608205903718265,4.33693665183948
3.25251885515391,0.0156372819023159,0.0499190587348755,2.18775617991261,0.342785238216305,-1.43337718533989,0.127040696509931,1.68605825211803,0.256835115390903,0.556714575546248,6.55726906083273
-0.0713613897877367,-0.709104315141317,1.08408588330743,0.500629376921708,2.11876786052584,-0.440855466374388,1.23345564864739,-0.344469598327124,1.32806003497685,-1.0132197530718,6.21820389041744
3.42409483885818,0.707942114421698,0.467078457938723,0.0960105550129909,0.871374856769254,2.28604693267132,3.24971905007236,-0.677744386180367,-0.435606187242517,1.62102686301961,11.8700674001783
0.629980742355126,-1.71866579683492,1.10010518161367,0.455152800599111,-0.443707970626921,-0.191915766391701,-2.00672114089649,-1.47080148782394,0.330450016010945,-0.34694072180547,-1.17037433710887
0.700969290134401,1.54041748899259,0.352063728153205,0.243231574739441,-0.178557885802998,0.4135914828897,0.717169342314974,0.333800658521953,0.0800591621609926,0.030717916524413,2.62039940053226
-0.706379290742238,0.867416511886241,-0.835350827022773,0.98633563893979,-0.430201728044005,0.174843153876134,-0.13482819523474,-1.09539227960953,-0.281253177667837,0.0119526099129751,-0.574483911568681
-0.171373337957145,-1.87426721903994,-1.00373739570171,-1.35779458971752,0.55510833604738,-1.09048137790773,-1.0783712398017,-0.728249527183856,-1.87478627415024,-0.639197400038509,-9.37231261400157
0.130014787582499,-0.51439422834793,-0.67214163986549,0.413401318138622,0.570330567087167,0.789065681824739,-0.628937227612941,2.41862611071025,0.0705743410286231,1.03062486768657,3.51786861262095
-3.47756155059737,-2.89283121373676,-1.66585462483214,-2.16958149104743,-1.22851966204935,-0.786842940449696,-0.0581808741115105,-2.36677441019343,-1.94894776354067,-0.334491321742745,-17.287933972348
0.0242278506642244,1.96455419915722,0.727440175415212,-0.309382875286453,2.49998450328082,1.06424540061879,1.53211744221813,0.506736817462407,1.5342068059834,0.383560577183573,10.7720725840046
0.0270579260305923,0.398628008059875,-0.760135654691683,-0.138941324135326,-0.451245111868751,1.97238432908543,-0.43846040380653,0.712099801467782,0.513813915965668,-0.34694072180547,1.25118386185472
0.147632874130139,1.24424387033279,0.535026004061458,1.65890084414337,-0.478742176082994,-0.0892722331214047,1.54186742170106,-0.602425724335019,-1.92530801833921,2.79730645851516,6.47954477212177
-0.810189587319233,0.260941788114278,-0.446859018490828,1.96293862235088,0.297168162982647,0.0709482172378,-0.510047078668674,0.248112339261985,0.706952018982714,1.64005016126464,5.21115990961432
1.39450866670873,-1.4884231812648,1.53684795717735,1.99085210828304,1.40970488214678,0.263703669705402,0.799739623139821,-0.339837208456493,0.531487282625624,1.04285725897137,7.07969825925482
1.165907082097,-0.0740478747396693,0.318357315875485,-0.379791387403431,0.318419735091552,0.309739010109607,-0.547499500626878,-0.543035374164196,-0.109608945893667,0.181221119393658,1.24966420571175
0.129138269830445,-0.51439422834793,0.786538947603599,-0.176202979260801,-0.208656753075582,2.1481139401693,0.101369403632243,-0.708164663339258,1.87349946120501,0.481978565983897,4.19793792140764
-0.907994797060799,1.09686686944728,-0.0587949125642652,-1.45715994494671,0.341250931849434,-1.01872780460223,-1.27584069897983,0.343520009952087,-0.073218457981875,-1.42256253027254,-3.70111539041471
0.38437655641346,0.377752450445019,-0.256862494779074,1.20626565695068,1.76366323934026,2.25501093547579,-0.551999745806381,0.684317611635503,0.966979752373743,-0.327338839096988,9.41058668840111
1.40455169402152,0.655020218278672,-0.238037033940728,1.04648710590821,1.57409720268376,1.72800847274547,3.24971905007236,-0.0377491069508602,0.524124173443313,2.06850152271231,12.4494358217544
0.318330946533705,-0.403885811239535,0.656586818394014,0.0514720773196381,2.16599415939863,-0.384149722044561,1.88513527890893,0.764681482312748,0.308889387280659,-1.06646654705444,3.65304939814118
-0.185597737003517,1.11166521728022,1.78709125290199,-0.237035141604184,-0.0981279868814174,0.489651916452159,0.153614416438513,0.427601503122418,-0.547996311763252,0.221040632107662,4.21726662361634
-0.914196772648967,-0.111422269738484,-0.24881787740793,2.18656472954399,1.39593119081952,-0.264092729031152,0.380810025196975,-0.170642241521401,-0.860645996657935,-0.439279620202557,0.957725661683656
1.33840407424857,0.934353143066864,-1.09393789264088,-0.110785112489441,-0.505956659711208,-0.34848241193311,1.14348458352517,-0.191855127449144,0.0562755537517909,-0.725501739932783,1.27869331925824
-0.244748738703298,0.451894122825137,0.620964622927048,0.38254671711169,0.569375035302391,1.05606372677664,-0.277830379017667,1.08412642469027,0.531487282625624,-0.0431119810199469,4.78349369149295
-0.810189587319233,-0.332591898927648,-0.52683975890724,-1.67190630105075,0.390131171828563,0.0605034410390937,0.0235602898408287,0.172535422720342,-0.264408292770545,-1.87410254460884,0.179454193767623
0.783854240966316,-0.729935263106247,1.46290919022233,0.714913232580716,0.468987356285906,-0.39510715112998,-0.524175261996792,-0.134452964446804,-0.609934485550577,0.565729490117243,1.66223876996746
-0.0951868885747469,-0.00883443264665567,-0.0587949125642652,-0.842432113556204,-0.0637036215265302,-0.146057178984899,-0.626030843345798,-1.65623019822279,-1.23726495610234,0.297813617446009,-2.32499160255368
-0.8569117232054,0.953522983235514,0.282857244538997,0.313118818725615,-0.0800459534876573,-0.337111692766535,-0.919396381144567,-2.07897188893942,-0.265147438027592,-0.401016012342765,-1.93814322983281
0.700969290134401,-0.845845577104978,0.278560097599861,1.36217402892922,0.409282783469253,-0.803646841298798,1.29860509701438,0.802903627243625,1.22681206623745,0.00964239419298145,2.62039940053226
-1.40453279470521,-0.981546186556675,1.40308948011295,0.861269363680285,-0.0708920036057754,-0.417963741570364,0.721399441598503,-0.679384188142498,-0.0831713052011293,0.349252800978286,2.20053358457553
-0.0634664284197464,-1.142816873411,0.528520299437988,1.00924505569744,-0.0946933091389633,0.22640648387622,-0.407515325644091,0.409972380181981,-0.26629078486328,-0.111945621164801,2.34919974303973
-1.32114496945755,-0.229919710374119,-1.00904643309022,-1.44149967779691,-1.92499896154634,-0.21859586365664,-0.0946627743494865,-0.0448182929408178,-1.31367274615071,-1.34238517059192,-7.20025764038493
0.136774005933752,-0.246549537129338,0.618067879971503,0.380764484056463,0.81534127730454,2.24504090564551,0.505750568311959,0.0294066819440732,0.855923685523679,0.612760603032668,5.8373520230232
0.52688386443483,-0.319767503968991,-0.123276614916026,0.180365186905207,0.325834376386738,0.815277874148601,0.290544045041915,-0.510223054980817,0.855229399719705,1.35416387611795,6.60248405592133
0.124156876541781,0.0870731572391878,-0.29245394862239,0.505846851486745,1.38778205785477,-0.130802632719023,0.430448420254497,1.76161548587952,0.308889387280659,0.423524361871101,2.62039940053226
-0.637192228084401,-0.553295132318399,-0.307439592208728,0.369037904119913,0.500463463261664,-1.27719156282515,-0.604746230998619,0.318214125025206,-1.05489098524625,0.804658194645182,-0.504354873212927
0.466226781818059,0.44747558179479,-0.414355659081499,0.0693580202565958,-0.0946933091389633,0.411468819312133,0.0238653321708802,-0.316083591111985,-0.106639999627044,0.136147911738425,-0.265400733374496
1.59132047596643,-1.55434089772236,2.36519261560458,1.99123848691309,2.21459323910154,-0.781781284333842,0.93103675042732,0.419888860435336,1.8559681584608,0.633420140705124,7.45014171938336
0.886252602691778,2.15572879226246,0.282273262975341,1.6095682134545,-0.235607000926467,-0.781781284333842,-0.0580456976793407,0.888335300502149,0.974565773415527,0.878140056644046,7.21527830911763
-0.133928552766781,0.351778979275977,-1.36210726219938,-0.225693975471129,-0.203355644267984,1.21220433896929,0.101369403632243,-0.189282820310316,-0.0337674118915826,-0.583944371058899,-0.113133212685742
-0.00295329159805804,-1.34291228311062,-0.366343298358301,-0.225693975471129,-0.684484426888657,-0.630534314606075,-0.907531192251858,-2.37519038839017,-0.800599274622268,-0.381373210975794,-6.73807030016216
-0.724405261874146,-1.34467864032172,-0.0147145989867736,-0.838024692559119,-0.466426400729521,-1.11054128052899,-0.890543870554908,0.751175290303738,-0.265147438027592,-1.0869805616616,-5.21743979804742
-1.75528526531294,0.511808812702375,-0.186906247776966,-0.212440482831203,1.05617169272624,-1.76885592789003,0.459579125134804,-0.946745778085072,0.122448465785396,0.275781597725207,0.594834487471338
0.945113576683945,0.35434151636667,-0.824777947360535,1.70571425840484,2.50947074366182,0.199183907096483,0.145839687530821,0.266976328683651,1.68479010948597,0.265161444171419,7.98053039659628
1.31910062936361,0.948972940484438,-1.09393789264088,-0.176202979260801,0.45687384323541,0.929615078690224,0.37085984052077,-0.200432861749836,0.354662231149726,0.324077960964701,4.28295646061436
0.134797601244782,-0.51439422834793,0.0944300186544896,0.505846851486745,0.230694135432106,-1.88104465924141,-0.514747518829094,-0.40260289234644,-0.895849500121781,-1.44413335493373,-2.4420048395401
0.434585989687334,-1.10557928134898,-0.9542956444619,-1.94443506340567,-0.601824121798995,-1.87559153697084,-0.397964494455287,-0.0816836227464395,0.696406309066823,-0.636561920003644,-6.50643235690587
1.0057949687775,1.01810062980999,0.902241557522931,1.6095682134545,-0.633602078467672,-1.07872637511982,0.833037430630718,0.750695890308048,0.197977418346724,0.171964391957494,7.17586087346836
-1.14641537889786,-0.954001648210624,-0.918624562646766,-1.82446021007608,-0.924599752442713,-0.278756391985284,0.957611783698174,0.675942209351271,0.848019795643752,-1.02735892708511,-5.00786679316244
1.88083086096703,1.1263255798245,0.591592042097877,1.80779901879392,0.443714261242076,1.47285134873831,0.580456132325714,-0.991220437587201,0.256835115390903,0.383560577183573,9.61221752921969
-0.431337469078435,-0.0661215562627343,-0.980246399202558,-2.02364334620109,-0.601824121798995,-0.473106154005941,-0.834323504499931,1.66556308169819,-0.437097576353831,0.0198167554905572,-2.73269848459401
-0.127475332170243,-0.330434382840003,-0.9542956444619,0.622450427600899,-1.70616652288103,0.616718872178909,0.926034988502314,0.604669161937094,-0.0109869240665344,-0.659662506857083,0.942948756994109
0.285579638427566,0.390671753489533,-0.431902769142844,-1.54856433436569,0.618607527330323,0.475674426039895,-0.0893523847607769,-0.87768545752189,-0.073218457981875,0.44682208804219,-1.3371979548393
-0.217221102734893,0.313651286466483,-1.50665353625819,-0.851919161673081,-0.475728715652685,-0.402888931038427,0.246367769874131,-0.322241029629134,-0.621760117772856,-0.651958725668468,-2.38847212075993
0.285579638427566,-1.53211427856914,1.38890465746068,-0.919611348102783,-0.540089639027125,-0.159704958875084,-2.38851454069038,1.13185593194672,0.673585988222715,0.299920663758651,-1.04372110484747
-0.0312889016892661,1.4481297842111,-0.277981908295491,0.615675442813309,0.706904796393873,0.498562969338693,1.6071263785916,0.604622201089835,-0.802275573914678,0.323380902738979,7.66476161406085
0.134664834432617,-0.246549537129338,-0.874973844402547,0.199692997400913,0.765628668455309,0.0615758288855458,0.367264303500295,-0.0528928755852938,-0.269002852523186,-0.220295016422852,0.130740732307195
1.27707379233787,-0.323347310679183,-0.219834345290812,-1.72756386951341,-0.636512320738966,-0.716541481416012,-1.47333411329985,1.92807459665349,0.706079014336476,-0.805321506279333,-0.288479964673749
0.540471900537338,-0.219012921384859,-0.120417914241097,1.69618058333206,1.17714904060687,1.3201952738237,2.11024856353646,1.00633401129265,0.524124173443313,1.40225306323714,9.62392600308044
0.147632874130139,-0.966092606499695,-0.0243043097454451,-0.511062609491449,1.95089851375068,0.284646140268251,0.506416758710289,-2.07897188893942,-2.14673857314644,-1.06208103247265,-2.36474995166304
-0.026132870922153,1.4481297842111,1.13232635661821,2.86992148298942,2.15509835982677,0.696716292162208,1.76307235218019,-0.260396108772895,1.23965260493732,0.629483959273567,12.4494358217544
-0.610807935795715,0.293932736053651,-0.833343846166994,-0.104308286918302,-0.203355644267984,-0.340284604975166,0.705840521341445,-1.12320760829005,-0.264624691955638,0.298516504029,-3.07161306404775
0.642881100113525,1.5960643324389,-0.372367908366762,0.304556540173692,-0.734068909126284,0.983615271385002,0.463662866472463,1.05677597058925,0.801358131401424,0.905130856323991,6.2960133768617
-3.47756155059737,-0.956106691022632,-1.21988303601645,-1.00634881531366,-1.89683005441203,-1.16135716203173,-1.91790177081439,-2.02331118894541,-3.32748621319151,-0.334491321742745,-17.3172333192294
-0.513371003759719,-0.203775620265638,1.08213627505074,-1.6802185629604,-1.014527190353,-0.87679690713231,-0.765104881476515,-2.67043011520272,-3.03295559008302,1.21790169353157,-7.41053453633643
0.463449738479284,-0.637732523362885,0.410639369701036,0.279010371931799,-0.150304717346195,0.726875243693118,0.798398202854179,0.658357193632127,-0.491315359611809,0.51217781999434,3.01578474816696
-1.51998032928587,-0.651098890276765,-0.256364610606418,-0.730279835434054,-1.7985531417815,-0.872037718867776,-0.913277426904091,-1.19583933663521,0.858316430709463,-0.914126373897536,-5.49953457977495
0.911310551281937,1.70933936405419,0.407098165782868,0.41046162017498,-0.641328063333639,0.744658309708781,2.10877643138822,1.15722089948443,0.0977463603949649,0.104801955197152,7.3464812279438
-0.129207852021024,0.351778979275977,0.843080270077705,0.315422965912402,0.45687384323541,1.04721277963873,-0.84802827964959,0.65022842083738,0.193725347515445,0.926676490665662,6.21820389041744
1.80847751975975,0.699536921450971,-0.273127102783014,0.533131477681929,-0.325500660325607,-1.07744544746173,-0.681610957314706,-1.81424853381606,0.31677634530084,-0.596437387926423,-0.673275017610478
0.367052068077049,-1.35688785824124,1.10010518161367,1.45123719504798,1.05394274824059,0.37691262873175,1.58260584990348,0.378395594460116,0.974565773415527,1.34742159954022,7.3464812279438
2.86114859232438,1.26759063321311,1.63254305325949,0.338044453311442,1.7068403343524,0.199622861663609,0.580456132325714,0.852929386085834,0.889061852040531,2.20133046375007,14.8606954891958
1.42554333066639,1.8377210243689,-0.744127165616445,-0.270904881133805,-0.240753904790727,0.084362145516492,0.225571879904625,-0.106289558460575,-0.801147613613768,-0.92477105641349,0.392972908963202
-0.432810211737988,-0.47892818634399,0.0421789237837797,0.6863844315737,0.262817643221158,0.705184604724524,0.178756185808551,-0.373219723111118,0.138662075410294,0.794890454603996,1.55713545339477
2.86466544623945,1.26759063321311,0.467078457938723,-0.255178274953596,-0.316427595252118,-0.264092729031152,0.799595911018806,0.665606679121459,1.74454583837386,0.275803462935024,8.96103480144127
-0.513371003759719,-0.753329665777578,-0.235917244284197,-0.529957930414677,0.516519549037189,0.137020606467064,-0.255697288526879,0.315858374960466,0.375775345030414,0.816480281657608,0.130740732307195
1.44439697143493,1.51744919966832,1.62880959040051,0.0960105550129909,1.40970488214678,1.05014339841956,0.190166519004614,1.26073027408088,-0.232305720627314,-1.08653245325105,8.96103480144127
0.491683209330592,-0.542907843429657,0.567873029165531,-0.298590827354091,-0.968601174413819,-0.652414308242997,-0.548840101765271,0.462242456346653,0.682469381091579,0.0542890315338198,0.793886990180116
-1.08616120300333,-0.443544164836393,-0.761451526319153,-0.657356801833123,-2.13666657750386,-0.872037718867776,-1.20783512301259,-1.19583933663521,-1.87478627415024,-0.89622898813845,-5.95422724503177
-0.581176665637706,-0.296726640254412,0.301254510670992,1.54873093694229,1.47770732075735,0.600032612810701,1.6071263785916,-1.81424853381606,1.00576372501723,0.692589553065885,4.4667875748129
1.06754197957013,0.501476553688364,-1.01211025721664,2.2097986471114,0.550507191205262,1.01265885795232,0.190166519004614,-0.0129092741252478,-0.824132671370037,0.719128690728929,6.10327552075107
-0.908424349428303,-0.111422269738484,-0.24881787740793,0.0493578297621333,-0.65257663487808,0.609278336188037,0.0409321110168227,-0.0907320105462551,0.147084483260544,0.70996920798948,-0.177619407098857
-0.581176665637706,-0.541283157859953,0.284469314670577,2.29890391154352,-0.868978324182272,-0.921715250340497,-0.496237067287378,0.501367545456712,0.241227433030168,-1.18249045780482,-0.113133212685742
-0.271563250439628,-1.39995347472941,0.228256316584886,0.181599908289788,0.166392986851053,-0.772843115220671,-1.23927991880828,-0.969873026966688,-0.794665983159795,-0.460365522360005,-5.79266428878411
0.0079489805414306,-0.739941501695912,-1.38631271244566,0.866524510026238,-0.227335731121781,0.558295060967389,-0.257019053371585,1.92807459665349,-0.174753329836925,0.612378505550549,2.52269368070509
0.35885731324053,0.766089629970115,0.704198354507407,-0.876923750500064,0.78127661947274,-0.986090898093797,-0.271126894217183,-0.628114536449358,-0.438088175354434,-0.0515646442116882,-2.78699229516177
0.10671463769339,-0.146518418173177,0.410639369701036,0.445811297483578,1.18535804677382,0.366990356777222,2.35472925514492,-0.0849925830926808,1.74454583837386,1.4326569445605,8.87664227449124
-1.48325658262114,-2.37301601308727,-0.598444524606338,-2.10237547087465,-0.868739382537586,-1.47232378181412,-1.91790177081439,-2.89308650981975,-0.590046222280891,-3.34939626310303,-17.287933972348
0.374459296766786,-1.09531207906487,1.88501373222363,0.737127685095288,0.550234449409158,-0.28662753778929,-0.682509369367719,-1.57193516878769,0.988054069506681,0.423524361871101,1.31841097444289
-0.685118416066604,0.630753633412975,0.171652975026837,-1.54856433436569,0.0545696568085508,-0.104998869453532,0.905992058829305,0.743946086397645,-1.45656640189893,-0.32692436655977,-1.32743281119725
0.732555539148007,0.798642255967129,2.12076954741743,1.14630141347332,1.65755620477763,0.661839534856691,-0.87069383162688,0.877763088001653,-0.676110232033582,-0.924538134171838,4.87153682428971
-0.0312889016892661,-2.25136069813693,0.320944639176185,0.369037904119913,0.794641269823719,-0.146057178984899,0.290381232298456,-0.654019155010548,0.568083577159314,-0.687268834333431,-1.33346492597088
0.432048920982466,0.0136644584727574,0.404784294742999,1.50126373634979,1.71923292877407,-0.188006843540009,1.2579272707652,1.00633401129265,-0.796912624591757,1.4326569445605,7.21527830911763
-1.2340191515354,0.679873039598878,-0.463868395631825,0.523717261027179,-1.17244794735779,-0.718885350077689,-1.63759977636194,0.163780887289294,0.30882660771732,-0.475377183810335,-2.36474995166304
-0.981495797439803,0.0319719062896519,-0.668467102235023,-1.53292851618605,-0.506316956476112,-0.0586641745672012,0.203323085379376,-0.160608547102006,-0.265147438027592,0.112942709589617,-2.72999345672886
0.911310551281937,0.027308004404908,-0.653752478254082,0.180365186905207,-0.170998611002621,-0.56290446615507,0.411810998822813,-0.510223054980817,-0.0616547768352835,0.562687643854221,2.6333054475542
-0.128346868086173,-0.987181454885275,0.529796485417258,-0.247425997226517,1.13699509795985,1.20709198386971,0.153614416438513,0.712099801467782,0.17890672418753,0.480545415623839,5.26379297275397
-1.42772343328327,-0.275653983804492,-0.693023824908545,1.64470122181981,1.25559332381699,1.07720181190057,0.502440993922945,2.12799045962317,0.754178851329248,0.323380902738979,7.26901730171944
1.35609079973199,-1.84590196378216,0.410639369701036,0.343685229681524,-0.292227272413813,1.25222279656808,0.920399813019826,-0.0829628569999768,0.756378840686859,-0.800916675077077,0.724633485893956
0.976121210184211,-0.428024450635729,-1.42458122818327,0.132490810302025,0.570330567087167,0.284646140268251,0.226907124107111,0.481395208145507,-0.594626499889644,-0.725501739932783,-1.3371979548393
-0.0713613897877367,0.0583965447842381,0.0671769695740374,-0.870468946592388,-1.19726633054219,-0.984795923597592,-0.831962634986469,0.244881637710249,-0.699919942420534,-0.651958725668468,0.179454193767623
0.313357909076937,0.367758303727891,-0.431902769142844,-0.49202528085448,-0.13379432858019,0.253410287052662,1.21673321519011,0.512522299158044,-0.953128583347655,-0.657947888167863,0.282556569703013
0.00494107842769454,-0.681131462435816,0.0124955736082239,1.34169732379386,0.600977447553661,0.686626296906671,-0.277830379017667,0.502718687571399,-0.458677026127849,1.1090219460209,2.39551002538562
0.547885834346347,-0.694731634878126,0.22682739720212,-0.203352294161392,0.765628668455309,-0.138872450204836,-0.0267782635438462,-0.972275323594259,-1.55611950203907,0.28640680795679,0.254778433457436
-0.967354434447368,1.43971510583278,0.620964622927048,-1.31711486377077,0.145965921425122,0.713245534200352,0.474787565120483,0.347164425904709,-0.446918741175638,1.53329661961696,2.26833451050908
0.979577929418091,2.05102925739844,0.937216666916476,0.792228064117315,2.93771830190884,1.48102585080432,1.1451052054276,0.933476650124695,-0.501556470927269,2.08908098574039,14.4497315826341
0.0270579260305923,1.16482601086985,-0.00953377731963027,1.11967238589483,0.247212182220337,-1.07272611596029,-0.277830379017667,1.35572620017315,-0.766581389615191,0.405368515931608,2.16474445336815
-1.03053682771788,0.322888318627596,-1.30433262517044,-0.201566538828248,-0.449446176479834,1.20248583406948,-0.975371793331011,-0.960687077704215,-0.620568783468929,-0.190509652510268,-4.39516902984688
0.649810624900059,1.5960643324389,-0.523959665943137,0.78037616348617,0.123806575309819,0.253189274118335,0.536735008317269,-0.56951940872734,0.313515263397748,-0.0525933112615133,4.94576890903979
0.69574962595351,0.947258013409869,0.310165684757766,-0.896341419475921,0.728475010351099,1.02246231373682,0.0556329446983015,0.136069775732764,-0.077634660787125,0.485403528422311,4.12467307208861
0.00494107842769454,-0.681131462435816,0.0124955736082239,1.34169732379386,0.600977447553661,-0.412482567975214,0.484894472937013,2.55421294669946,0.76591184261339,0.479704677862758,4.3274837175992
-0.947959012028751,0.596520348726852,-1.4578259598869,-0.0284121717960803,-0.36251500209141,-0.480933230648055,-1.34456644799934,-0.898429808613882,-0.141907385432296,-1.06681282561892,-5.21743979804742
-1.48521907660692,-2.37301601308727,0.726560164707216,-1.01728406942983,-0.842422771382054,-2.23062905096227,0.0636622000856664,-1.94659398181556,0.165899004689233,-1.35113402235669,-9.40370881794949
-1.07566835720393,-0.116083784998012,-0.459614771737953,-0.365283348704448,-2.5343916185159,0.0605034410390937,-0.439034379792645,0.410826650395946,0.0281167445711156,-1.73584588344995,-5.21743979804742
0.0681902438082518,1.02743397169212,-0.334762852009521,0.269924900994314,-0.350131305321969,0.942503887748511,0.459201371814579,-1.91447867201452,2.11484259035771,-1.44048190439574,0.723017122199569
1.05141980257696,0.649014363991387,1.15346246775904,2.04962545079446,1.7068403343524,0.312744732957077,1.40046461654118,-0.991220437587201,0.737111798610451,2.06850152271231,10.5265526167246
0.0654724469723831,1.02743397169212,-0.334762852009521,0.269924900994314,0.39843655149742,-0.373434189761992,-0.681610957314706,0.880448891013415,-0.609934485550577,0.628184741643048,3.19834219085424
1.33840407424857,0.934353143066864,1.22508873375579,0.324923911339211,2.30329836075314,1.057550140382,0.58941067450255,0.506736817462407,-0.999962621769246,0.10711058042718,7.3464812279438
-0.707165256639147,0.45549345477442,-1.15489356451196,-1.53292851618605,-0.466426400729521,-0.764938806237612,0.641000407308564,-1.5788955431542,0.735305325367242,-0.171457019328719,-4.29131524246665
-0.206647914666826,-1.31076747598622,1.69868145473787,0.258432016920193,-0.184718377258877,-0.892939465607784,-1.35471701542914,-0.227117941497753,0.513011979992507,-0.0466213062187709,-0.0835336567668167
-0.690138700241237,0.867416511886241,1.90455893032075,0.460414417049807,0.468987356285906,-1.07272611596029,0.380600903519409,0.167330160622897,-0.907301055481888,1.03062486768657,4.11256811628891
-0.914196772648967,1.09686686944728,-0.724124266330174,0.273252670398207,0.969125285224947,0.280825313969087,2.33854470997902,-0.488638468467102,1.28015471403801,0.855381938730855,6.47954477212177
-1.46020194326485,-0.60268288658679,-0.0404451132019796,-0.940102822890919,-0.462183984533753,0.716196671089482,-1.29581996728347,-1.11076880693246,0.211038607660083,-1.24274933160459,-5.6883761754056
1.02326074613675,1.11051000551106,1.05670472469667,2.32872505199922,0.9613925349942,1.79241337306309,0.999583648407796,-0.553837860945063,-0.792475192221607,2.69806709093219,10.7621182960033
0.858843443123485,0.793309685572395,0.463275522090372,-0.56948953401882,0.355794128715854,0.970976595031677,-1.35584109575047,-0.628114536449358,-0.545778596884457,0.436368933322275,0.417021761482252
0.620178909130133,1.4443749256841,-0.811977192176786,-1.14004086423257,-1.65809557959714,-0.146057178984899,-0.944328050250457,-1.76563087567493,0.0138114840831257,-0.0518535289875124,-2.32499160255368
0.276899248748424,0.536139425135365,-0.155303131134538,-0.059872832041221,1.24242868658908,-1.8046943499006,0.628720313761662,1.11792954864447,-0.100989496097827,0.660159074425552,3.71880834831499
-0.234304995043613,0.596883456498736,-0.350354505520704,0.846135151342265,1.15548111650161,0.489651916452159,1.11916194100778,-0.145222519301207,0.861482436008979,0.540212178163945,6.46783690311224
-1.48119573337207,0.0518322447795368,-0.411549992996782,-0.756724970128509,-0.757287262460908,-0.127292461582141,-0.228868696266724,-0.470519907873227,-0.151779874705913,-0.489693434023994,-2.4420048395401
0.402722745379631,-0.0400809672933252,0.261923145393543,-0.707609391791639,-1.2035116239894,0.872581798080242,-0.0800363321164335,0.0158124907523566,-1.08550303204428,-0.96153804430252,-3.03054423933884
-1.39951134655046,-2.18176739389258,0.51875407563201,-0.553016063483582,0.390131171828563,-0.477282116960471,-1.78773714714396,-0.333839953820376,0.183309539889069,-0.211058760064283,-3.50219100026551
0.0678196982812142,1.99673936497702,1.87347587862057,-0.189170548167805,-0.222196255827293,2.62034314706999,2.68243771871082,0.281389990298939,-0.214841145227834,0.107966994127825,11.7548272257314
1.80847751975975,0.699536921450971,-0.273127102783014,1.23419773410007,-0.891342593464464,1.58560260034782,1.6071263785916,0.977728392642478,0.173097367616334,1.10906359905993,7.13637172119578
0.54327915647441,-0.694731634878126,0.054032189536813,-0.577525531119244,-0.170407083190537,-1.06452308190782,-0.816310460829665,-0.0907320105462551,1.67309020120584,0.349252800978286,-0.630469731828078
0.0909836290583795,-0.497083830512638,-0.221492752217636,-0.293975225484778,-0.780922883406586,1.23075967908725,0.111435586234634,-0.530510066344173,-0.938900930688156,-0.336221800879588,-1.18350738799399
0.953388562809574,-0.232651321467502,0.595602480660889,-0.256908825207051,-0.031809915509189,-0.388806183493918,0.253318592521017,-0.88944986990404,2.34499067879539,1.07849609875859,5.21115990961432
0.603972444810501,-1.53110097652792,-1.4578259598869,0.606605526287355,0.864853078997947,1.00019056092176,1.2432074703583,-1.75173851348796,-1.24284256890821,0.138356743946399,0.779286659730291
-1.08764797547215,-0.116083784998012,-1.11241489553198,0.326477992204041,-1.14032599174406,-0.688549139694333,-1.81871994136418,-0.0816836227464395,-0.282636970695725,-1.35113402235669,-6.57340740331027
-0.424749366615581,-0.47892818634399,0.645365654487854,0.763857098808407,0.432237533201717,0.226755412422241,1.59435010274465,0.65022842083738,0.660317837196568,0.926822127810514,5.53175911044064
-3.47756155059737,-1.95895945978216,-1.64811088623671,-2.16958149104743,-2.78853262859715,-1.35542230357903,-0.0581808741115105,-2.36677441019343,-1.94894776354067,-1.66724355005438,-18.190043198667
2.23727394953898,0.663278596711453,0.930223356235119,1.84593839636676,1.07340695171209,1.38240851890729,0.342354297725416,-0.0377491069508602,-0.435606187242517,1.6246592156352,11.7548272257314
0.186626390185822,0.0834427048627065,0.261030828482617,1.21645712442,-0.17971896793888,0.275573127733938,1.39332233712046,-1.0186758113623,1.50090111117818,0.479186704557484,5.52366762566301
0.677352647201659,0.0254878651526691,-0.651983672558223,0.148075916114055,-0.150304717346195,0.760129378840073,-0.547499500626878,0.481395208145507,0.252831797406866,-0.146016988609402,0.850344663626771
0.246955980747135,-0.114014926751268,0.318918652029777,-1.01964465471295,0.378049363338199,-0.652392356689359,-1.23149962890443,0.288322695620482,0.700019822360418,0.273808348963541,0.635330606663311
-0.829481517015014,-1.05043186269072,-0.472680340520083,-0.634979450005552,-0.477835555007926,-0.679051866679917,-1.36387760189485,-0.692583103247452,-0.61468793250111,-0.166055480698022,-7.95179076750761
0.829665768264458,-0.148669045969442,1.37577791191162,1.53984558943063,0.617025554181294,1.60280099350476,1.031598297923,-0.197824687073671,1.56344138938023,0.956850781338172,12.0745970227981
-0.293007392761514,-0.0611370947165549,0.221303637500594,0.340385957855789,-0.443707970626921,0.767347763808661,0.657263781627015,-0.355041034157209,1.87946076408972,-0.880161447689249,3.1420583126332
-0.555459016382192,-0.244878592134877,-0.463868395631825,-0.647845538590718,-0.667273634164189,0.977488837188654,1.14224511031085,2.34679531862407,0.577619689229036,-0.212331357327765,0.871308625412039
-0.125174563229445,-1.43060749879337,-1.23813366729861,-0.90410424786933,-0.955259651156658,-0.925519317615432,-0.765104881476515,0.0210423912900138,0.270018077639593,-0.422709508552199,-5.45610611140856
-1.30080545361155,-0.203700602884271,-1.35340199603833,-1.20724586273298,-1.37832823668497,-0.982296747289335,0.00680071883804768,-0.692583103247452,-2.05247738206537,0.264496838438483,-8.31782292424152
-1.3192974963956,-1.11242724600716,-0.440817081790725,-1.25771421086789,-0.716350534544545,0.332554222957643,-0.391035551660345,-2.09997249683963,-0.174149547878365,-0.653151534397929,-9.61452813002291
1.64706522595922,0.00224148451115761,0.130332405312075,-0.847210161345535,-0.443707970626921,0.276581058161553,-0.936451094034092,0.242441336762795,0.147084483260544,0.436368933322275,0.245497873067898
-0.928906913427529,-0.503138782353904,-0.181567591135971,-0.225693975471129,-1.184640155693,0.826307794206934,-0.798305488179288,-0.480191889185773,-0.503420355268263,-0.381373210975794,-2.85461206941721
-0.615783000017922,-0.654722496199245,0.841664943339005,-2.93865032175271,-0.952113817719807,-1.54188035652413,-1.1673123041696,-0.73331327909026,-0.62151399796359,1.21790169353157,-8.36426892609636
0.0678196982812142,0.914169500431034,-0.219047911561036,-0.202060021978532,-0.150304717346195,-0.977339359997055,-0.936451094034092,0.466285579897842,0.723134308835603,0.893354777504276,1.69006335050235
-0.640786652185456,-0.553295132318399,-0.58132624697483,-0.838024692559119,0.865551419492282,-1.28475585585069,-0.935335231215674,0.926189050250091,-1.24284256890821,0.225604729732709,-4.39516902984688
1.0057949687775,0.583359210814483,0.463275522090372,-0.56948953401882,0.803958316173959,-1.8046943499006,0.171735704540276,-0.0556779033769186,-0.0337674118915826,-1.47156714570581,-0.25213633128869
0.0991508230735475,0.534880362409503,-0.11708050104669,0.749134072611944,-0.783018280079739,-0.260280759587531,0.52637298176855,-0.708794478272314,-1.34269009536706,1.0537148957127,2.60083284819222
0.00494107842769454,-0.156926007835608,-1.36169626723951,-0.993024741919439,-0.963306177144882,-1.34198556567054,-1.70370395018707,-2.10994444965184,-2.06084290437249,-1.61902020926507,-12.0459581099717
-1.02819377570688,-1.79092201802287,-0.774609553656899,0.194965064689216,1.51755497984778,-0.688549139694333,0.553685993198666,-0.459961124097952,0.100150521339914,1.61155405264109,0.793886990180116
1.32762286270881,0.948972940484438,1.05459077957258,1.95884472360061,0.87559074874161,0.197066968029305,1.56720361040145,0.032820284736664,0.205827167448783,0.556714575546248,10.2628654223732
0.285579638427566,0.390671753489533,-0.206053535507113,-1.02177108535434,-1.00643699304769,-0.51136388071546,0.855468764856799,-0.650556234470569,0.0281167445711156,-1.78480335206809,-3.42512430388907
-0.513371003759719,-0.753329665777578,-0.235917244284197,-0.104308286918302,-0.0434341308696749,-0.144005916968317,-0.459888162445558,1.17206518859551,0.0263445638219318,-0.442380091042244,0.567308418143765
-0.420539919603179,1.57181618874234,1.37577791191162,-1.49885699889107,0.267602937104178,-1.00084260661019,0.553685993198666,-0.76465242441975,0.799186253312838,-0.586564157097455,1.08641187648277
1.030401190411,0.119703605166406,1.39692267450213,0.559878024180139,0.62843916044913,1.07673161264574,0.708442290569861,0.604259921563946,0.78589016035988,2.44891034667445,8.94114516237261
-1.64577404951821,-1.23536566464498,-0.352542576027009,-1.82446021007608,-0.870115582395945,0.689734701591738,-1.20783512301259,1.13582811510939,-0.107008680381672,-0.930765365780098,-5.8875659952076
-0.555459016382192,-0.162060051362799,1.19945992154175,-0.178988496368587,-2.31983070679152,0.565780947056932,-1.34901382482212,-0.988637060485358,0.760955556895793,-0.899068985458246,-1.93957567262415
1.33840407424857,0.934353143066864,1.22508873375579,1.54994925536278,2.0126675030858,0.276856621593615,1.59415225138521,0.78568704032546,-0.444519731065917,0.751925083010811,11.2434715277573
-0.250363558257209,0.113627928352151,0.282857244538997,1.69618058333206,0.597292515282981,0.253189274118335,-0.335153212845954,-0.822124345511,-0.158823805876796,0.235676352525282,2.67249518923969
0.665970528803294,0.0254878651526691,0.979574502844168,1.39674363461103,1.01109510192381,1.39838594672365,-0.0954949175988436,-0.339837208456493,0.844054576513726,0.876603136627999,6.55726906083273
-0.706379290742238,-0.711472112919676,0.0196102108108463,1.03899755305686,0.808626361357387,-0.846175857898582,0.606366538890507,0.318530506401314,0.0969156459153962,-0.296397737949958,4.30044606198311
-0.494841713252267,-1.04118842003053,-0.109246136213164,0.369037904119913,-0.814729712434977,1.23075967908725,-0.281744614762187,-0.340950298386396,-0.317840492463053,-1.05094459618972,-2.06484317465681
-0.192723846761517,-0.806290389450229,0.645365654487854,0.241636072378476,-0.737013628484023,-2.4187224132221,0.713070176061526,0.157438594230892,-0.855778772336855,0.704465519817088,0.123539517153023
0.402722745379631,2.71670889770509,1.34120907188327,0.688594920428676,1.27398264610351,1.38240851890729,0.53143476099722,1.4110386719046,0.838771842252111,0.717079961668206,11.9352723601164
-1.32114496945755,-0.203700602884271,0.0772987033296887,0.213626854146452,-0.346679441771773,-0.769111755928833,-0.120103967937423,-0.319093732209696,-0.983486760885154,-0.396613085675289,-2.36474995166304
0.492489510326039,0.448716220817937,-0.495983459556715,0.557531139880786,-0.374948470006407,0.920636332475179,1.39332233712046,0.0533893211218634,0.42972236225857,0.926676490665662,5.47821813363157
-0.171373337957145,-1.50254587567797,0.196543274343876,1.96293862235088,-1.36684993608988,-0.574580193050312,1.70984931401755,-0.913992431584117,1.17866447350051,0.586012018687881,3.0484356881787
0.434585989687334,-1.37278055104864,1.4401352655529,-1.0679957411938,0.716028793595513,0.490794882422456,-1.60872183342337,-1.36464805954303,1.34992393428845,0.77010742778913,-1.87876778258519
-0.513371003759719,-0.203775620265638,1.19945992154175,0.838070850334713,1.95057902564015,0.847433134753944,2.106885162079,-0.299327877992647,-1.37543971327537,0.79743302212538,5.76047595481174
0.131684238517919,0.0252973313220306,-0.279844281549023,0.846135151342265,-0.804556173212392,0.542046126979199,-0.986120981656641,-0.343342946009889,-0.109608945893667,0.498927153066716,0.500518444899671
