"X1","X2","X3","X4","X5","X6","X7","X8","X9","X10","y"
0.907217282119456,-0.691515917324426,-1.21432767543907,0.621725521174215,-0.883809258119044,-0.684272077636908,-0.407854421367308,-0.356581544129334,-0.793070921007934,0.301007166233625,-0.958951464995394
-1.35880480882961,0.590484543053023,-1.07488479227562,-0.66711170995845,-0.824577805975773,-1.52340105795441,-0.925298023594019,-0.833649622585088,-0.252234770536683,-0.12234915381792,-4.49608396295428
-0.122709520235406,-1.35499149272383,0.761688939101,-0.209950225100497,0.0160684054542061,0.402273252064967,-0.768812942214995,-0.107580630343333,-0.191589086727243,-0.423241392891172,-1.67407875400879
0.47612211042213,-0.18581938226064,0.404499290628767,0.780750545462385,1.79727510443968,1.80346228311551,1.38999894999236,1.38842689893467,-0.310517046769768,-0.819649832121159,7.23081402383672
-0.839158845767175,-1.36320727531521,-1.08712573949662,-2.70054550076863,-2.72408037948164,-1.76346242044008,-2.68478641648359,-1.37839951658806,-0.630265409474113,-1.07287254119947,-14.7748930675197
-1.30581010673114,-0.747628008295418,0.35790983083523,0.0171217699908703,-0.740404562425679,-0.229336450280946,0.175228686685468,-0.545714114590032,-0.342133964339764,-0.841635372274057,-0.936433757924088
-1.4885575448665,-1.50120778928285,-1.258157704177,-0.215395491524518,-0.494651574953453,-0.715259683274859,-0.440868657419413,-0.159427242705228,-0.450503852211355,-0.667650753016142,-6.52539813489773
0.426366455478477,-0.0853289983524526,-0.676037730765724,-0.401680983209605,1.38721720466942,-0.152630963264385,-0.488596233951812,0.23339236137694,-0.59448480929605,-0.191604986085107,1.69057260103523
-0.253696508632187,-0.73122764112028,-0.72457237754505,-0.202316905157448,-2.84450106934413,-0.959483549275617,-1.14203229201875,-1.1715133657752,-1.13115185256352,0.698724498322127,-6.62311561606047
0.308332125233837,-0.233743723634163,2.17335762433284,-1.05444569429798,0.481537844249636,0.523298406739083,0.613372681178187,0.733152115831376,0.731533867993475,0.289641287428011,4.14467868117199
-1.21613430396204,-1.12821511491166,-1.27358959525472,-1.73629299625454,-2.17544641446674,-1.94156441357061,-0.137940031335684,-2.28523772730614,-1.5467749729404,-1.59313611007423,-13.1678651290777
-0.731970724782545,0.00943013542840356,-0.281700620795308,1.07877951491868,-0.320612210686981,-1.3433960137173,-1.41874560834917,-0.553366689814991,-1.33946072110969,0.306077501587138,-3.3664219498862
0.925376489079729,0.168190807418949,-0.391226091260158,0.0895737945628786,-0.313508053005261,-0.277947074051281,-0.172664116253293,0.08746670845032,0.474163186808961,-1.12965640184741,1.23641141070237
-0.121838023089962,2.30045584237996,0.110307980748002,0.245548549727844,0.569395448943043,-0.183602599736847,1.4737350284006,-0.0942847000059305,1.03425494179479,0.856426476808245,6.42478674509917
-0.433088539479799,1.11598815414019,0.361396677725493,-0.193495328459012,-0.0527289036035435,0.288150927297988,-0.0382992952760655,0.567438551492524,0.869586835365642,0.788633946604959,2.27963859478253
-0.26635700675564,0.797815694153703,0.242774009019427,0.988492046903476,1.79668485255328,0.756069178268413,0.96914240464428,0.386995388126979,0.0384060218868948,1.45107267737291,9.05926503682476
-0.384133164960159,-0.545306309136871,-0.0465015029610758,-1.15586425135312,0.702533754816553,-0.755955589321521,-0.955826929475348,0.705068261849588,-0.793070921007934,0.461510206810325,-1.68251904306756
-0.41055840044106,-0.258399687659256,-1.01693554396777,-1.17954936943388,-0.62080776634742,-2.16670937044037,-1.85517325479085,-1.42774222774612,-0.1449914007667,-1.98245143037286,-10.6941209668718
0.135048243409342,0.658483954241519,0.0174992169025786,0.535023966694203,-0.201243612413238,0.739591562669969,0.270610291723954,-0.797369931445786,-0.642614749153925,-0.523698955832792,1.01256283568234
-0.290389085185351,0.102005675941911,0.176064015479295,-0.741032958458395,1.14205787667057,-0.218289734764536,-0.0841283541250277,-0.0319861421944507,-0.0096419088462222,0.659893782319654,0.319092279660466
0.924132021036512,0.168190807418949,-0.391226091260158,-0.262751252233614,-0.242433456187443,0.901315452227521,-0.499790686333774,-0.621211331782121,0.736691817096481,0.525028347701636,1.89608255929766
0.263249508095486,-0.848866105194035,0.128165909675543,0.200869837426914,-0.834318148522855,-0.822976842820208,-0.721153470032193,0.332983339621244,0.428019031098292,0.0320142609254438,-0.218806212016988
-0.789962735764081,-1.63549045961555,-0.27610827144465,-0.143506997405142,-0.341380562746179,0.179739944306439,-0.257490933201998,0.519974688300761,-0.892125392682942,0.0192540438281945,-0.655244430637959
-0.563409235348605,-0.323908631577358,-0.136605420634008,-1.15586425135312,-0.950323374866994,-0.888798924430628,-0.429646773324347,-0.489326289770601,-0.479213639212075,-0.404300106524695,-4.88500545365882
0.434579460067683,-0.776676268722821,-0.225638153445658,-0.095384440292758,0.0522706507488993,1.23247957710728,-0.255080665539453,0.470205529829142,-0.587487254635274,0.545121356327764,1.85521654451143
0.348785718829676,0.459628487023545,1.89124670812217,0.401224230226631,-0.989139835226122,0.676939223278525,-0.273778589435601,0.703718216102774,0.122253362355634,-0.822197071740611,3.22309156356294
0.0342186278225452,-1.00351258876671,-0.139658949673921,-0.616592305292437,-0.268007671024623,-0.942140232910309,-1.00173986964449,0.499730007976025,-0.376689762323825,0.457816678944586,-1.33364891028394
-0.492358867383582,1.3072563904183,1.36246238670049,1.33421382819311,0.586764985229243,0.712178199510861,1.20804212866784,1.04618653807239,0.556705625278248,1.13396221884757,7.98595262249843
0.733780007817667,1.3033218553958,-0.105913811328898,0.228254046579586,-0.34658952446698,0.676939223278525,0.752170694188819,-0.180309983853244,0.93754459112543,0.385901272657499,4.92620978842041
-0.739225502657715,-0.676420950724522,-1.03201796068442,0.318520044100842,-0.0986762678734447,-0.997591102649017,-1.17916410929259,-1.22653184809181,-1.64906842686024,-0.06578997439598,-7.7433522404696
0.211942819247585,0.998651285544302,-0.118281889739869,-0.0515411429834997,1.20310642977139,2.10155037040171,0.136481191211494,0.518618662610792,0.862494320943491,0.380357709330477,6.22504974459012
0.637997755814034,-0.237955920805841,1.02575894160298,0.580595364164513,0.018362982947429,0.742335549461044,0.752170694188819,0.977208401639964,-0.647372193405284,0.839456517890026,4.14467868117199
-0.979079859263236,0.0141104225928851,-0.177728902684093,-1.97360258272952,-0.731332614859594,-1.12010013766675,-0.473794465803814,-1.62709144466693,-1.22236721344828,-1.39516624000669,-8.68220214017459
0.102972037257569,0.317241831607847,0.242569316781633,0.0669284921086883,0.250162120088797,0.899466255352193,1.0492364288782,1.75036561474358,1.87065164070961,0.307989147836585,8.23652538487543
-1.64175265317839,-0.822850160218007,-1.10121983237666,-1.5173532255619,-1.39166153957706,-1.03329642972739,-1.54297748575612,-1.603845289784,-1.85175009417392,-1.39003227053088,-11.89859133303
0.652433724193657,0.814140968321138,0.136524349901858,-0.409011710135291,0.140568933783034,-0.532572079437182,1.36983047737954,0.691762115248498,-0.606667121390847,0.179779838343327,1.10624410556509
-1.30581010673114,-0.507574405942078,0.225359862367801,-0.333495603981813,-1.43269570022178,0.618266203998846,-0.787044405434507,-0.379487693104436,-0.78954591409805,-1.14908764777576,-3.6495439228348
-0.536184505928654,-1.01977725766234,0.657621047228054,-0.597445491586097,-0.497884009951008,-0.995178962352427,-0.257490933201998,-1.01332524934241,-0.107684485090886,-2.25570281894521,-5.50065816226195
-0.166925460380761,-0.742766393105358,-0.357880593969581,-1.01011459322223,-0.590466217092046,0.157122953268418,-0.191054855885969,1.28495662354206,1.09076371945148,0.0940207062263587,-0.0639167162440132
-0.0464770513444785,0.234423202836872,-0.110017226387709,0.739917346256257,-0.420636120715775,-0.0396955918355195,-0.368310603520855,0.0900564496595211,0.0873943110072719,0.0940207062263587,1.45747757736061
-1.79523167949439,-0.350971135712664,-0.99925244075045,-1.28467736675819,-0.89217336327595,-1.16290218042652,-0.975766764687775,-0.818074447610791,-1.43533806142209,-1.10865197265772,-10.6941209668718
0.194208296260899,0.268380699849835,-0.415852745040039,0.190051366021531,0.488494576251968,-0.395472210810956,-0.0525446536074882,0.561002134156596,-0.0519679788629033,-0.862707517675888,1.93537857244767
-0.0714762531191615,0.926468757296759,-0.21059493197849,0.94545035083964,-1.59667133680692,-0.526232348923302,-0.351579484735888,-0.153513030724547,-0.445364607762255,1.06147224041828,-0.0639167162440132
-1.67502896532064,0.0870833680907605,-0.164392382093365,-1.17815171693408,-0.982256671493198,-0.777997290657907,0.384982696568627,-1.35878250718805,0.651812824516744,-0.0862036730428354,-4.97706016865401
-0.242992720694226,-1.68802214354397,-0.053116592951406,-0.894906460809713,-1.06406845522597,0.0226315952372124,0.0942241328267552,-0.129225728316448,-0.992137143282945,-1.39077084884959,-7.36644154464944
0.873175003687513,0.412463092524804,-0.215103368533891,0.185656999466037,0.165838329168475,-0.189518799739614,0.499030497016999,0.619763834187552,0.746457622417126,1.73243556757707,6.62969962660931
0.604299278900238,2.26754852184943,1.05074847831852,-0.0854665162636685,1.30492648081842,1.64475379595742,-0.067885018136483,1.3009546942348,1.34055065517355,2.13714691174332,13.4128469124851
-0.318136555499299,0.61736340424446,-2.17924466561871,0.757084745041946,-0.834318148522855,-0.124907189422175,0.402469278344536,-0.990567744760623,-0.412140501802672,-0.807968655713723,-3.09981886887516
1.28617006285056,0.328664925897978,-0.40102756283105,0.12837844298494,-0.00143317546182267,-0.658441163593787,1.10255046783249,-0.938989846987598,0.539472429300726,-0.523698955832792,1.11977071745592
2.07982183236592,1.44807556162834,1.88110810001599,1.86505511633564,2.41549090047319,2.0091271101167,1.74248477015108,0.809323875917638,1.47158738374403,2.02520912119929,18.9014546360191
-0.753510969028585,-0.606592906427097,-0.518669424827013,-0.996605596014304,-1.86992393735442,-1.41691609089439,-1.53408159088187,-0.817430099578267,0.431710471628963,-0.06578997439598,-6.4643729415118
1.45259777019903,1.01143846454882,0.637954990481932,0.884493411489012,1.35268317446863,1.1460245944731,0.709919343700347,0.602256316361062,0.0304810184870027,-0.591956507984059,6.90010111394166
-0.318136555499299,0.61736340424446,-2.17924466561871,-1.23616683982238,-0.681489337637497,0.0226315952372124,-0.924418904304927,-0.395683629563152,-0.442852688003465,-0.75122395476275,-7.40087930428011
1.82162719968803,0.831960123148479,0.110307980748002,0.362798201127616,1.15684541954501,1.34583954775456,1.52760260939257,0.511210700519116,2.4380201769941,0.564707430233568,12.8806303205589
-0.613531888596897,-0.613186170808115,-1.02762911187974,0.675246630289464,-1.51716142661061,-0.61242000665638,0.525106722108313,-0.379487693104436,-0.883138901412298,-1.1230591206364,-6.0414348696175
1.29471981645246,0.399129667901897,0.372286536369142,0.548917421320182,1.24259632556723,1.49104843166341,1.62379073677588,0.0453724646580588,0.430824357652807,1.26999583780544,10.1305528711841
0.763038981586257,-0.547007760736764,0.283064756557601,0.105206176301304,-0.0879015583883613,1.12376651943374,-0.79022927216936,0.696659629967694,1.11354585466143,0.158598140683978,5.34214558398601
0.865867328485595,0.091697062162948,-0.088227403620183,0.986989299232914,-1.30742749607382,0.0383983491249129,0.648091828107434,0.10946858060075,-0.689496669366565,-0.947526762895455,0.657080808662677
0.6296387077276,-0.0833253809282463,0.344113621268657,0.988492046903476,0.018362982947429,1.07884824526921,0.521340433622599,-0.54500864481498,-1.02382237944956,-0.0942009586041281,3.84168864903264
0.429835989779821,-0.776676268722821,-0.453669334241266,-0.197770270745992,-1.0144840516974,-0.2370778538788,0.13240828865212,-1.23625323750279,-1.38747353303769,0.618030553093425,-2.35095038516798
-2.32695383991818,-0.309098973444931,-0.857581559204539,-1.65119734195421,-0.502230206004142,-1.21207218940984,0.376332701882924,-0.926313264885375,-0.603522807499408,-0.897609907218128,-8.67758700607301
-0.935001284953219,-1.60005046950667,-0.273228450195629,-0.759638949763731,-0.548741525847818,-0.366759012660396,0.139097990594859,-1.20156861871499,-0.79267187666851,0.245819076424772,-4.34317464903027
1.36377688310821,0.304014828856589,1.21157501192431,0.677536415454601,1.3494664788147,1.44497839310125,-0.605699297564291,0.658484625218466,0.696441674611021,-0.176028833333214,8.62091503674728
1.11824854747493,0.276954300288469,1.48650263032948,1.16988097262961,0.394841085229103,0.658661952533698,1.45842189567606,1.09704783328823,0.952261424602553,0.990623179339851,9.98171611027865
1.26066705901552,0.617541496351368,0.00429471434930585,-0.334088543757374,-1.59667133680692,0.534287781888414,-0.117060209296432,1.4756692013382,0.860293862997146,1.39784506449113,4.47565031166783
-0.681444575086907,-0.504173361120728,-0.0792116580113716,-0.807052821185322,-0.950323374866994,-0.693687108522588,-1.17916410929259,-1.22653184809181,-1.89431856843597,0.187892201247111,-9.48486878269124
0.101050351089262,0.317241831607847,0.795391169641867,-0.608672499682215,-0.557757622974252,-0.584373262749499,-0.895112147562335,-0.309782088144148,0.51327459379141,0.292465267455655,-0.646412222584063
0.102972037257569,0.317241831607847,0.795391169641867,-0.608672499682215,-0.222347231531372,-0.47638687052953,-0.172664116253293,-1.79506697050731,-0.147061891474108,-0.930914278132398,-0.491823303441585
0.672492019299649,0.301061817839596,-0.35578238505608,1.01480269114461,0.239897256295052,0.742335549461044,1.59255241060993,0.738694833858005,0.587133120757397,-0.0380786612436105,5.16099559432551
-0.0554875738547401,-0.17639183941636,0.292660032393289,-0.117744613207158,1.61575494799782,-0.704151997032605,-0.590308667578768,0.340520758296357,0.102751073097646,-0.780061764715217,0.751190589580232
0.486951217336733,0.751507367943204,-0.0760338594701053,-0.258244970292397,0.548593006755712,0.0275185442138895,0.526910941045866,0.507344800239251,0.140776679485437,0.0712824216469375,3.36207717464314
-2.23671580844362,-1.36216538217626,-1.87380843162753,-1.69217617192167,-2.97857591705988,-1.81717874495505,-1.5784237215608,-1.17423353642192,-0.630265409474113,-1.06526098890844,-17.6016738447258
0.756815564162055,0.160228324811317,0.764285022441644,-0.290352178952295,0.688071073186351,-1.0808328848649,0.0306992872986926,-0.183360219804491,-0.208871521531818,1.58053879129657,5.16325344366889
0.763038981586257,-0.547007760736764,0.0796317934792214,-0.862868031956578,1.15296589670581,0.680497566511542,-0.203424941830519,0.717898918752977,0.782063538508857,-0.292653121546988,1.86612449546298
0.357971961038663,0.00238374771613531,1.27770321609946,1.54851302583174,0.105413197329841,0.449137952902478,0.698165968370131,1.41879067086117,-0.0775775797707936,1.44566877843031,8.3478960081669
-1.10167667530634,0.0819131278806945,-0.2787169823349,-0.765815561091608,-0.746823237607205,-0.123591489817439,-0.308930283073496,0.0471485289770138,0.0172819703274019,1.46056381949303,-2.45796293825156
-0.701059271676906,-0.262617716876763,0.937432650422767,-1.29313071906847,-0.853486965725243,-0.835195596439133,-0.155918019273266,-1.51733716999413,-0.980394289101487,-0.646960157971013,-4.48294770904573
0.727589234086555,0.932189349432944,0.619125234075251,-0.200955414165748,-0.0457489483319638,0.827614875051887,-0.208630794261856,0.0707027599727857,0.138786930879492,0.636218489269498,3.27618494746717
0.102972037257569,0.317241831607847,0.242569316781633,-0.315810788264695,0.213365254458977,-0.455960888238052,1.00844486799132,0.659451460519385,0.782063538508857,0.981169747344602,5.78874060350038
-1.64175265317839,-0.335727427792543,0.623492075003058,-0.202316905157448,-0.59093381508422,-0.835195596439133,-0.730780651509123,-1.30155975537265,-1.08159180617186,-0.0855795679867994,-3.2716640728212
-0.187487834055431,0.503752485145559,0.41976021896643,0.562987522143698,-0.89523964449533,-0.0835883257778716,0.760064579066171,1.10533646541981,0.314628223982028,0.765889835196843,6.22602205417484
-0.111714081323049,0.534307433676596,0.363289260731774,1.11407255606873,0.326930503941155,0.548008722091637,0.521340433622599,0.733152115831376,1.29001579445439,0.66642233014932,6.16003557490718
0.907968422264372,-0.691515917324426,-0.507742481920571,-0.870194933907994,0.886937524282103,-1.78176396084422,-0.23281989311264,-0.218806324973166,0.51327459379141,-0.740739381607133,-2.13373488135537
-2.24878230851749,-1.36216538217626,-1.87380843162753,-1.75671640749066,-1.56186461564375,-1.98133345813624,-2.88028221277597,-2.98061402276994,-3.20507609236544,-1.70809590353278,-21.4016524081021
-0.0795075592590026,-0.0306762565526503,0.240236005775652,0.776036300508828,-0.182224934726819,-0.35628148711646,0.330863981549202,-0.06627277817966,-1.08450033740213,1.34073510028555,2.78456741256749
0.978065324255207,2.02467648124386,-0.368691338506496,1.72025249291687,2.32903115257119,1.62215804439508,1.46826865579682,1.42068615968661,1.28968860648233,1.92893368497067,15.4006592261182
0.308332125233837,0.917691419747269,0.688341376357683,-0.838547677823247,-0.380568819705104,-0.208686409780474,-0.491365189862449,0.945348064843128,1.27434488481885,0.493818812744936,2.94430840645696
-0.816043210032483,0.292252875585336,0.754023219274207,-0.191701816535932,-1.07597520344306,-0.84801210920283,0.187939583866163,-1.23625323750279,-0.342133964339764,0.327504136432317,-0.491823303441585
1.78424167339825,-0.169802328036361,-0.824774764168949,1.24495456225505,0.342790346367541,0.557064020432204,0.705758439272196,0.942710909757488,0.853524326443488,1.26999583780544,7.01462450982917
-0.398990303354449,-0.255582640700494,-1.15017285732374,0.047812469215899,-0.713210228197937,-0.162455829737603,-0.714001476525149,-0.542331989631758,-0.676830308158238,-0.383801095996717,-3.87517220946337
0.907968422264372,0.56112449884333,0.226148185225984,-1.02293947453402,1.14133750019314,-0.541965089274749,0.88332512098958,1.06750424157616,0.296982288263267,0.981169747344602,7.24835640456886
0.197705989953098,0.268380699849835,-1.43050522090729,-0.652721615947621,0.886937524282103,1.23247957710728,-0.110949088719457,-0.960420468283106,0.736691817096481,0.0320142609254438,1.01368899977236
-0.268916400099207,-1.16094233548647,-1.13227924161077,-0.837136871488706,1.49207217100133,-1.77692488105137,-1.24398858141463,-1.61407908365073,-0.73268678292899,-2.14328412272238,-6.14515503879717
0.161850284048005,0.773618302256097,1.12336022358464,-0.88089326540345,0.688071073186351,0.519360015923174,-0.475831212672996,-0.632865379742218,-0.0519679788629033,1.39857619434103,3.22309156356294
-0.14902333547246,-0.859218078278075,-1.27807316817314,-0.763657173676672,-0.38253519988812,-1.66007306295235,-1.09855978571783,-1.27462220678071,-0.957393421834513,-1.49930925914568,-9.46678295850954
-0.934249351141293,-1.60005046950667,-1.45731892308071,-1.40912981343336,-1.61560707157627,-0.866926223385267,-0.184153666270074,-0.526029518968238,-1.13115185256352,0.174223478675887,-10.1908108145884
-0.729459125683853,-0.613046925609553,-0.518669424827013,-0.996605596014304,-1.86992393735442,-0.927454949844311,0.116986419793782,-0.0248644975372528,-0.131548296741307,-1.11982125307463,-5.29871892763723
-0.731970724782545,0.00943013542840356,-0.676832675723756,-0.597445491586097,-0.436164524497534,-0.835195596439133,-0.955826929475348,-0.464533567071105,-0.442852688003465,-0.916186446669303,-5.89563545269913
-0.0795075592590026,-1.03830642542909,-1.21373248343622,-2.07750739124568,-1.58176595578471,-0.885477492478853,-1.54297748575612,-1.42459103732353,0.187946205815274,-0.395486527133496,-10.8389574982351
0.308178082454586,0.917691419747269,0.688341376357683,-0.88089326540345,0.653146667534272,0.845006909544685,0.647326619031586,1.05881756029759,0.65072382581081,-0.044989491594667,4.14467868117199
-0.839026308328418,-0.0892813011307141,1.00379077899238,-0.237602983686923,1.23749242907933,0.795599467185771,-0.703032048195451,0.659451460519385,-1.15160355835034,-1.22950086714076,0.86846754381193
1.00030411117152,1.87748864069841,1.10908647081269,0.88434782096649,0.389900909421616,0.826565363165639,1.44961569705673,0.0538521307070284,1.42233541324191,0.294067262833676,7.3866781148841
0.478758225143956,0.72849398356787,0.54031701661526,0.557311322217029,-0.0103873469374421,0.548008722091637,0.5678550896519,1.42969544807387,-0.30640124406544,0.856426476808245,9.1095205364869
0.604299278900238,2.26754852184943,1.51905762053891,1.14129299590553,1.84160339949004,-0.00695923459510769,0.314353389415471,0.683160610019232,1.14354047311307,1.58830323149545,11.3126059365041
1.49645345104524,1.01143846454882,-0.794376780880418,0.868613475583696,1.15800231548568,0.49767050387921,0.345175209269002,0.485197731185211,0.795394439351492,1.40332638874825,9.05926503682476
0.263249508095486,-0.524427974750642,-0.0454382536545119,0.173109563906288,-1.22400018878361,-2.1389441037957,-1.17916410929259,-1.65689976691652,-0.744471597594119,-2.73734650954762,-6.41174652215394
0.0661399520858029,-0.759941030976587,0.568386968370226,-1.70133395534521,-1.18962011829696,0.135378544354507,-1.46566073375959,-0.308341387098552,-0.213810548036811,0.618030553093425,-3.93151194208789
-1.43837638342602,-0.0907245641320427,-0.518669424827013,-0.662146497426659,-1.02101201277502,-1.83279797565935,-0.511249736409332,-1.1715133657752,-0.258677381537961,-0.261063969339387,-4.97974569132675
-0.492358867383582,-0.872272295650505,0.961238539476178,-0.412454550235591,0.698162655880112,0.132084865914338,-0.048158845743949,-0.499740402719489,-0.398239256007051,-1.71230191513553,-3.08003129613252
0.797217190322797,-1.00867571609601,0.183559484696962,0.340299328929448,0.62713991201088,0.408987197692361,0.413258949587655,0.15638423926706,0.585180744159848,0.826525660499232,5.42336640232071
-0.14902333547246,0.373176918146336,-0.805007822068813,-0.0873818089713967,0.360134882143431,0.635465323585795,-0.532950949367769,-0.203262890784285,0.807463687005011,-0.883115548029865,0.657080808662677
-0.295042460494932,-1.02262010392755,0.961238539476178,-1.81342328420376,-0.961475561134088,-0.183288766254795,-1.63760759630047,-1.22837587262994,-1.16001829822649,-2.14328412272238,-6.44621895022623
-0.730677826204129,-0.613046925609553,0.79595910248001,-1.13379328668536,0.0818554207599431,0.0884278353579512,-0.294856360814203,-0.220513295685009,0.21161489664169,-0.525072896129904,-2.6430375237147
-2.05821294307908,-0.690529761791902,-0.845408152711105,-0.330545671072359,-0.548741525847818,-0.684434786557092,0.139097990594859,-0.487472288494405,-1.08159180617186,0.0242904225932353,-3.90042752332372
0.0570218163527446,-0.805010709758529,-0.616514665555748,-0.368689517236148,-1.27907888163069,-0.0271177705975413,-0.0525286303322335,-0.566405599504226,-1.44380726507085,0.0370920708605083,-2.19815290039059
0.169564358859212,0.401010969347713,-0.376659622115105,0.0560530465008317,0.296106057998053,-0.0656289845591008,-0.320547157412689,0.820367334302232,0.336533937125994,-0.345823206367674,1.85521654451143
1.10864734523311,0.521742375426179,1.03883947166797,0.993226043495478,0.72005294000893,1.58658172082191,0.0757786330839089,1.27465749099629,0.911548162406961,0.48865042159943,10.0266013307228
-0.748385546523228,0.2627966093391,1.17523853819677,0.193191317483975,0.197994243430429,-0.785962227926261,0.5793253970244,0.08746670845032,-0.827537543443891,1.06596411390619,3.31973714191535
-0.407734065323668,-0.258399687659256,0.166235153623821,-0.095384440292758,-0.123024798900248,-0.0668723336079279,1.04213046336106,-1.79506697050731,-0.642248969134219,-0.363781824063156,-3.29277370828278
-0.0474932612210327,0.234423202836872,-0.612544588684047,-1.38849548209649,-0.492150032389871,0.524425291410275,-0.823127853441935,-0.46914302350015,-0.586432305957068,0.0934611854538218,-2.54695092503942
0.517838664233981,-0.349134602047646,-0.302922736188893,-0.741032958458395,0.0163359360889926,-0.380528220206042,-0.858368729066833,-1.69807163604918,-1.31472137541041,0.453762448504675,-3.42326444509553
0.0913848503158809,-0.0746245518955693,-1.21432767543907,-1.49017611944738,-0.596283715407503,0.135378544354507,-2.26872983490393,-0.85074195790274,-0.962943845751323,-0.12585508812651,-5.83359171057961
-0.874934378396942,-0.922099077734786,-1.73288462378537,-2.13840656113442,-1.73596421317961,-0.486875930272482,-0.184153666270074,-1.30835504588203,-1.38857258749508,-1.47415282651535,-11.1421999303139
-0.209463602910611,-0.714308026445458,-0.639966465586935,-0.766801624412901,-0.41096156097406,-0.875887785963347,-0.293738391894168,-0.637493627530122,0.183683790221482,-0.277888696440966,-1.85056794339232
-1.79523167949439,-0.350971135712664,-1.777790591243,0.562042418074114,-0.9012452924882,-0.26265506281276,-0.208066631169444,-0.495106777823769,-0.634556101509264,-0.442686707668794,-6.44136815829843
-1.23848767538748,1.18596689584773,0.328210629188625,-1.02400656181026,0.0984810101032976,-0.822976842820208,-0.642716666423859,-1.20126279750282,-0.608628961154826,-0.627990816941787,-3.3664219498862
-1.02453728709548,-1.53567926972454,0.0447764951471492,0.454683801763566,0.479727971482685,0.519503601564382,0.658031559017666,-0.521059939185857,0.313970117539634,0.935838062996856,0.436671518332157
0.333469660567592,0.611402536940876,0.691439008495767,-0.969313286539535,0.0761089151462406,-0.277947074051281,-0.286387782971339,0.130446195248342,-1.35062249859248,-0.305094398280351,-0.165783553992351
-1.18119410294878,-1.12359467565916,-0.79402179538234,-0.35908744136365,-1.64090053204686,-1.9633619176581,-1.547289147742,-1.45941291370057,-1.3113943398575,-1.54310586335277,-12.7386210973485
-1.51307356847542,-0.366610970791409,-0.890411867501989,-1.12383566107033,-0.378739464313853,-1.62753649899227,-0.859354772548986,-1.43685812254332,-0.379243209866967,-0.821148389684222,-5.83599431235614
1.58706997667958,0.976915438425598,0.559805147312167,0.884493411489012,1.2750393550816,0.122124364383019,0.315648412592762,1.03032347895022,0.556705625278248,0.256865354483056,8.69100422735115
0.788662490798826,2.0575286278438,1.05074847831852,0.911353430429379,0.764644746813586,1.08152609292832,0.403711077062988,0.598407643301455,1.41028157603734,1.00771255039329,9.32336165550609
-0.111830294766498,0.0156106642484875,-0.146525946996517,-0.870194933907994,-0.363589972560847,0.0895892235018959,-0.277796818892062,-0.516367414168182,0.194882203939972,-0.354399390776786,-2.29314730909993
-2.0647287810942,-1.09346762995998,-0.837401675131677,-0.0805008776062153,-1.72439287557702,-0.41314259982368,-0.473794465803814,-0.912219502420615,-1.36108101856755,-0.394833619478229,-8.72878780685265
-1.79523167949439,-1.92894492169202,-2.31201815665043,-2.06064585606298,-2.45536554221794,-1.81717874495505,-2.31207429330059,-2.39521063546354,-2.4574976773193,-1.68293219943612,-20.7279337702152
-0.229943164812024,-1.01752822035168,0.576374336077235,-0.310051847912801,0.695912531818127,-0.0835883257778716,-0.856575615099677,1.09014347856965,-0.114675154128138,1.06147224041828,-0.182819529487326
-0.0634148353850933,-0.15369752686755,0.194097410967935,0.683510854439369,1.05635464383634,1.07884824526921,0.119816801195368,1.11368178113153,0.577231516456367,0.548490952514287,8.47280365538241
-0.198090497837212,-0.418658939290463,-1.01693554396777,-0.338401473786816,-0.746823237607205,-1.00168978594732,0.100130579761549,-0.0665131436623097,-0.608628961154826,-1.12094400228889,-4.84586963374003
-1.6798068297189,-1.12852724472923,-0.867656012338461,-1.57227773844655,-2.17544641446674,-1.94156441357061,-1.24594449122202,-1.29531999976939,-1.27102568838739,-0.981966231049579,-14.7807690198417
1.09409030351941,1.92402221637243,0.708739799348916,2.78115390819588,0.275826106794626,1.78557779453097,0.695385514500371,1.96730411795241,2.01488148858408,1.92600820722923,15.9503536620837
1.26621196882725,-0.249910485622886,0.0422459970085263,-0.193495328459012,0.951208536554622,-1.93650427062428,-0.227847212676563,-0.0984270448304324,0.084623201491894,-0.380559137079033,-0.320978039287518
2.13354461322569,0.619801564761656,0.110307980748002,1.20149574694156,1.35268317446863,-0.57197539234361,1.62447266537952,2.00955761094234,1.28068315020676,1.40276439790151,12.8880547590305
0.50012040900037,-1.3879963123382,-0.0792116580113716,-0.044510838629612,-1.48906456987921,0.737329545240797,0.173653639613625,-0.107580630343333,0.632145450190217,-0.713150024116218,-0.79013442944763
0.32175389482228,0.857553103641585,0.44806905046891,-1.05444569429798,1.47896600442136,-1.0808328848649,-0.511941957537925,-0.190188742738281,0.108801076664744,-0.0424061160546023,1.01256283568234
-0.53407137109316,0.662721125826737,-0.805007822068813,0.9882120998964,-0.734011428929527,0.457938961338565,0.87712424308946,0.0298383851520718,-0.873195636886782,1.085914863804,2.50534838774624
-0.473523456587147,-0.256809317083741,-2.31866044429558,-0.592063798298328,0.0400795908104824,-0.374387248660606,-0.677754433424907,-1.35878250718805,-0.174661683750724,0.296284817150341,-4.34317464903027
1.55509018027575,0.989969612940818,1.53563528368999,0.840799579438678,0.753711405893524,0.720193503010654,0.474211772140244,1.3009546942348,1.57224255702844,1.33128340438463,14.188855193439
0.590204327280434,1.06364464927736,0.738862148844141,0.875074361888478,1.3494664788147,-0.140366251873165,0.124336272796451,-0.0348954279568536,0.764236466853609,0.833260405750283,5.28099352739009
1.82162719968803,0.831960123148479,0.110307980748002,0.362798201127616,1.3494664788147,1.64475379595742,1.45842189567606,3.31771800781127,1.18518490358424,1.14548541415427,13.3836528043004
-0.833689355707873,-1.36320727531521,-0.596598251585168,-0.831340136982817,-1.25698090562548,-0.45049299442605,-0.511249736409332,-0.929732735595509,-0.0189259496033733,0.272455463012599,-5.50336735934916
-1.30821044345095,-0.55393407320963,-1.93540160902693,-1.29856213514482,-1.09396538117874,-0.832144495701084,-0.745921730640113,-1.30835504588203,-0.334993341868275,-0.0504137993017065,-6.41174652215394
-1.32409202135732,1.17646926394163,0.43192163827747,0.804500074581417,0.791143657763481,-0.189518799739614,-0.137961793886326,0.726118843310915,-0.627888095453901,0.397553771663057,2.78753339524797
-0.316242076042066,-1.20821565228832,0.529343518998699,1.13648132738623,-1.09821860842972,-0.440644822034582,-0.00574867624668689,-0.2021290695785,0.716371336572992,0.120133157617848,0.131982194557273
-0.416896533959055,-0.785916938745863,-1.21373248343622,-0.650949656428426,-0.60351940089206,-0.671060241951959,-1.2350741330151,-1.47779904263608,-0.180860010890313,-1.08150048218571,-5.69508287832851
0.242327842975481,-1.07201734709972,0.571589461898426,-0.909636487787481,0.368649940214906,-0.130024885004891,-0.677417795005197,-0.516367414168182,-0.147061891474108,-0.767004489137052,1.55349846039727
0.787328164159063,0.356104534948715,0.929835615051829,0.902124134150691,1.01313045389454,0.864904186334834,0.315648412592762,0.867934201958181,-0.474102396438668,1.78735121401723,8.25472047658085
-1.43837638342602,-0.0907245641320427,-0.164392382093365,-0.370707252675145,-1.01330878096627,-1.22726443999851,-0.473858146230605,-0.868743514428657,-0.901147963402848,0.12574039071324,-7.20882654314629
0.743196968769317,0.160228324811317,0.140048295985707,0.0378863456014339,-0.0408695756554484,-0.0157203642099715,0.219106790109461,0.10946858060075,0.123068876790807,-0.340605193747591,1.38753751824821
1.4613210378084,0.834529124010579,1.23898170713678,0.970535068533154,1.10747619294544,0.78309395457036,0.0757786330839089,0.175031992826234,0.758501526090332,1.64414060595461,8.23613755117409
0.348785718829676,0.629516442599512,0.0828863288846694,0.580595364164513,1.81777270320893,0.860843626388495,0.396024261735539,0.0651974046591186,0.035851495608865,0.945669872488579,8.25338868711006
0.727589234086555,0.246626412582058,0.361396677725493,0.999384035255846,-1.385763965922,0.734018054064256,-0.133056361519831,0.551557197008225,-0.0581253186128042,-0.225238883891327,3.24753601620804
-0.130654777871098,-0.462116647228544,-0.12444046242193,0.0962751352180917,-0.18107841159143,0.297321900024122,-0.048158845743949,0.118561311609284,1.22061997839076,0.408401088479605,1.89608255929766
0.343862944298988,-0.293127548801262,0.786053425514286,0.661640413087658,-1.1299442392341,-1.49101995921257,-0.00574867624668689,0.275820209980042,-1.24521984175569,0.0258996597607719,-2.6430375237147
1.10864734523311,1.7970441599435,1.21555601201346,1.99570765041807,1.10199675029781,-0.00695923459510769,0.314353389415471,0.602256316361062,1.57224255702844,-0.0376003762958489,11.7771702509702
-0.417814163819223,-0.785916938745863,-1.13400126973232,0.0695783971160948,-1.33911410797818,-0.253627079424873,-1.04703254682845,-1.74769600380979,-0.478418537765973,-0.717498732837356,-6.70060452700074
0.750963864122077,0.160228324811317,0.140048295985707,-0.193495328459012,0.811595265415198,1.1219691537977,-0.179302115082373,0.733152115831376,-0.496741921197135,-0.450114587529584,3.53994178773854
-0.362048110730182,-0.934307559698142,0.595699904137287,-0.426202559513112,0.368649940214906,0.338946968661808,0.332606517832777,0.712174028199023,-0.870415724277057,-1.4481977334885,-0.716842464134854
-0.428679178020196,-0.606272673940326,-0.92906910196436,0.21769582754553,-0.694577053215208,0.524425291410275,-0.625397878666079,-0.409396291956243,0.0521434415920679,0.390194589755542,-0.0459903382517191
0.0845432749385539,0.797198399311787,-0.391226091260158,0.516914067677688,-0.725434892235734,1.28037841581778,0.334325816272532,0.507344800239251,0.357805536714009,-0.531582718646813,1.76776117230145
0.278048724187098,-0.0257507694401482,1.13643318058497,-1.2922639825763,-0.206003461008813,-0.739978032530265,-1.41874560834917,0.681748004965302,0.51327459379141,-0.272912997464671,0.13953414980989
0.129971847960536,0.594071265468664,0.0422459970085263,1.14374164429387,0.993042290074912,-0.529859029946496,0.728829452040158,0.626647569182515,2.20637203325987,0.492859112385719,8.51890600694523
-0.362048110730182,-0.934307559698142,-0.559146860384622,-0.996605596014304,0.0747705955951534,-1.10396298778651,-1.2917968734317,-0.439741544791368,-1.64906842686024,-0.28486962776332,-7.68702616846264
-0.749044673624984,-0.606592906427097,-0.164392382093365,0.624839198213921,0.821497661742013,0.467615828351515,-0.146891093336611,-0.0984270448304324,-0.380258891147077,1.34073510028555,1.99730842148513
1.10382038430168,-0.0100775933563476,0.313952415853557,0.12718319882602,-0.62000891682935,1.07360438300228,-0.83495573863453,-0.938989846987598,0.0873943110072719,0.325774563116422,3.31973714191535
1.02310712285633,0.87550687803562,0.550968127137255,0.802718404173523,1.15684541954501,1.11909102406621,1.48894110040707,-0.1634219107529,1.47879341085602,0.988139174971923,12.6926259998574
1.32249825579496,1.93177218144931,2.11467517213047,1.70423743827863,2.41549090047319,2.37122650792744,1.63720004260622,0.809323875917638,2.44647942795798,1.30229967890836,18.8613008223147
0.169564358859212,0.401010969347713,-0.376659622115105,0.0560530465008317,0.941474022437506,-0.109354615721814,-0.631562751311817,0.945348064843128,0.266098416910551,0.86531707056415,3.53994178773854
-0.874934378396942,-0.922099077734786,-1.73288462378537,-2.13840656113442,-2.38830966013933,-0.794970567516283,-0.411009934184298,-2.1110401816542,-0.742171245434831,-1.39003227053088,-13.7299092590101
0.227556406637405,0.876297871039781,0.515370781207048,1.36296756333927,1.15800231548568,0.911652692969363,0.535438150845507,0.00286425046726908,0.383430489526833,0.589470628289519,7.47426609422665
-0.253696508632187,-0.73122764112028,-0.72457237754505,-0.46969640250614,-0.633507990487024,0.381598327772029,-0.714001476525149,-0.240314785543833,-0.883138901412298,-1.02850407945643,-0.722483052516132
-0.536184505928654,0.662721125826737,-0.245378589241871,0.299369843866185,0.291352654633096,-0.17692338658389,-0.801545048403939,-0.378103237844165,0.558028980443151,1.34073510028555,-1.8262916224576
1.49645345104524,0.980046459419382,0.739960011886971,1.04600555295206,1.61912698354504,1.25546051843546,0.191841352706946,0.683160610019232,0.525161096840577,1.63823269451682,10.4810028067682
0.283213859749447,0.0791176409200013,0.874533172950114,-1.14000042448142,-0.0802522025874949,-0.0386888525637606,0.479346121856514,0.837327794259704,-0.304284589047009,1.06915592092891,4.37989407017533
-0.46228285163911,0.0666223195629224,0.96582639163927,0.496231255460689,1.19020833705441,-0.28811935250341,-0.0382992952760655,-0.946182587882555,-0.685622361118745,-0.501915576770484,1.92057984101734
0.522714324154577,0.206582987349462,0.359073290010334,-0.486182312826532,0.0146250429492485,-0.0656289845591008,-0.0844546568774676,0.425023683604937,-0.587487254635274,0.171919285042929,2.33960124870669
0.512960126892898,0.916924811022544,-0.40102756283105,1.10885636087453,1.30609625886956,0.454490842919458,0.808345751549194,0.905461603191587,-0.474102396438668,0.645754097439375,7.86570540889518
-2.24878230851749,-0.724878926904176,-0.867656012338461,-1.36019222481783,-1.76393602383796,-1.75875053752612,-0.441913045281926,-0.89314915117805,-0.350778887779075,-1.94270078971076,-12.315273597747
-0.492358867383582,1.3072563904183,1.50572957593866,0.412250966575016,1.01313045389454,0.91063689693152,0.967184698189394,0.718941047938386,1.61714908052382,1.0155613259142,10.0266013307228
0.672492019299649,0.301061817839596,-0.652522354636728,0.438269763667559,-0.313508053005261,-0.331424151776101,-0.596218203491537,-0.315645257910851,-0.398239256007051,0.0559893106868864,-1.97196537086201
0.366826213434227,0.124969362364978,-0.135499349955925,0.270415852415776,-0.0127664169662849,0.70681115658794,-0.0168086280082093,0.10946858060075,-0.694819258367064,-0.209939003459093,1.36245642833107
-0.53407137109316,0.662721125826737,-0.142889374077184,0.607086884713255,-0.502856448958142,-0.584373262749499,-0.286387782971339,-0.919590387627229,-0.731981703810736,-0.613263395130502,-1.00240941999851
2.86436922879013,1.7814332990716,1.39172349065227,0.986029261864004,2.41549090047319,2.0091271101167,2.34254074981682,1.64252051416103,2.98168392082515,1.97267641258698,22.8748319302592
-1.71764939668071,-1.18525512188567,-1.857424309105,-1.52676267860971,-2.54967753176876,-1.05657590746552,-1.42862333294772,-2.62329825563155,-0.554906404127909,-1.83573428114953,-14.7748930675197
0.168937120966839,-0.473496260286147,-0.495775701888331,-0.320519679106308,-1.0144840516974,-0.735923225549675,1.33769245772249,0.152930145359918,0.464829435611503,-0.523698955832792,0.078686916926025
-0.451242659357507,-0.599398491616476,0.66020469822507,-0.712162854856866,-0.032344184214097,-0.600678060735737,-0.0417737582428106,-1.27959247183242,-0.999382808936911,-0.516592780499547,-2.71922769326745
1.99520436885364,2.36154928895596,1.18353119764479,3.17058114047912,1.02175926943904,1.37621391023671,1.68859323847449,1.84977804380604,3.06146004272154,1.93859425398575,20.717534357751
2.30677851305104,1.02734571267853,-0.368691338506496,1.13768748355386,1.10747619294544,1.1460245944731,-0.325947067270821,0.175031992826234,0.956988232562265,0.0555893127435573,8.25472047658085
-1.52736936884206,-1.24713638733209,-0.847801063496166,-0.715785104067794,-1.09573851640685,-0.654217407712214,-1.24398858141463,-1.71522670212945,-1.64434273384452,-0.376765493836846,-11.3583464670518
0.550364731108603,-0.226710546440473,-0.425020787856339,0.0948791140504849,-1.07597520344306,-1.77692488105137,-0.674780306058792,-0.85675935073067,-0.472438013383759,0.0242904225932353,-4.24862561183466
0.331086796458,-0.737259494100139,-0.732857917766241,0.221422775050675,0.79297477763173,0.510591372960805,-0.202120297826178,-0.41422780676973,-1.35062249859248,-0.996537489556749,-0.921184292302995
1.30644787968896,1.93177218144931,1.88110810001599,1.79341959487372,1.49411015525786,-0.894308848359237,0.797614826579767,-0.327993910369864,0.775192072921065,0.926036582348636,11.2711857598411
-0.441023672280916,0.0215075016315468,-0.893310265297194,-0.428071388085499,0.987941731673165,0.696981574620628,1.04213046336106,0.215513723162625,-0.0581253186128042,1.0257626422795,5.09186254822321
-1.44783074970471,-1.57469115760554,-1.3349163124253,-1.20218297376585,-0.160836465749785,-1.28890590381895,-1.91485555952731,-1.10613208206688,-0.431786200008432,-1.18110390645419,-10.838981784119
-0.440683429823507,0.0215075016315468,0.468292004378082,0.406794104221766,-1.40817820840409,-0.480640009166391,-0.895112147562335,-1.36358247205601,-0.0683902478569826,0.200315406416534,-1.27339984323349
-1.06254182632919,-0.578793954127495,-1.13227924161077,-2.03251050189321,-1.76490085881533,-0.272625829913715,-1.11121823316835,-1.03380612170699,-0.73395021628702,-1.32380636199928,-12.8497856196127
0.227556406637405,1.47516797049034,0.550968127137255,1.23691283045965,-0.881229159170482,-0.599729860715727,0.521340433622599,1.10709757037921,0.550844480274849,0.68898408473415,4.21964650365272
-1.07518723762804,-1.15191444599368,-0.705290969736048,-2.45292125999918,-1.46173920802594,-2.29817623421026,0.195863595811536,-1.603845289784,-1.50308232981786,-0.528348192688876,-14.1195645617337
-0.794614107529308,-0.582766773586333,-0.164392382093365,-0.832672241646678,-0.609102702895105,0.450527794781928,-1.60729622459801,-0.637493627530122,-0.506614928140192,-0.468562404901422,-2.56841895462596
0.128514541731596,0.192036776947073,-0.239764412211264,-1.36855812334275,1.0298059219122,-0.0835883257778716,-0.787044405434507,0.611355653549953,-0.0513792359193203,-0.191604986085107,0.456013032875761
0.197705989953098,-0.220488606007738,-0.625749833146954,0.153975621543525,-1.23718018977025,-0.439811628903335,-0.227847212676563,-0.218806324973166,-0.50186530074814,0.0290140097240104,-0.340840657468147
0.395663541675737,-0.460230689004497,0.211478207767257,-0.0491395768818638,0.62713991201088,-0.126808776979789,0.339963802782549,0.214011419293389,0.0505574936125108,0.378785788830255,1.47371229143251
0.978065324255207,0.0899139659484505,-1.06240463447142,-0.456959572463027,1.61575494799782,0.827614875051887,-0.336125979074236,0.386083178090052,-0.247324587558629,0.378785788830255,3.46623153123297
0.0452423169464086,-0.140900520602605,1.33122316133848,-0.641689563866889,-0.130363052455602,0.901315452227521,0.285543838996655,0.619763834187552,-0.985024378088945,1.44084957947065,3.22309156356294
0.429835989779821,2.00613314274495,0.560115046654906,0.884493411489012,1.61912698354504,1.25047338605605,1.69248327236085,1.09718727684977,0.410746045248504,0.706023059897823,10.3592966985774
1.65291962923039,2.63058858525979,1.18353119764479,0.976827692427295,1.46577076390012,0.943427778333757,0.905670128913283,1.20119787598735,1.17333141810928,1.50340655578907,16.7540193074852
0.161739747542219,-0.164867789281835,0.106433013336015,0.776036300508828,0.0364059016134098,0.704662239677195,0.334720173921027,-1.27155046677477,0.817210228050126,0.445178361301736,3.10346592934811
-0.324656358389971,-0.392568851072914,0.311173289523437,-0.492008118418025,0.663288260108593,-0.0386888525637606,0.986351185213788,-0.604941024284156,0.702784360419454,0.116359072919709,2.4587067267933
-0.122198147771267,-2.01312855977395,-1.04781914617681,-1.72544679066644,-0.993205503806327,-1.16290218042652,-0.441913045281926,-2.54439288606381,0.220709473114995,-2.03348765831973,-8.9597506632432
1.78424167339825,1.15859760195985,2.46694272823928,1.79341959487372,1.49411015525786,1.72803489468457,2.83797546244776,1.15889631192999,1.47158738374403,2.53607744589823,19.987581490095
-2.16161977290708,-0.291903469272505,-2.71484151551967,-1.32877149703832,-1.15918648934006,-2.23491278013402,-2.03036723031875,-1.84318329211663,-1.65286315882971,-1.48412930987783,-18.1020078484225
0.882748492948159,0.343113043139028,0.743593464303737,0.333930399608011,-1.385763965922,-0.859753516901545,0.104861030180514,-0.444866700728219,0.160710075482373,-0.0192435513527777,1.10694459047279
0.456419605263571,1.0312751209457,0.372286536369142,1.3294568073993,-1.0287827138351,1.16114948305648,0.839245511811379,1.00271432748031,1.12503663084406,0.48865042159943,7.42332722371865
0.0842605942181354,0.797198399311787,-0.391226091260158,-0.701559540087779,0.124127837217846,-0.656033720195031,0.558458347527726,0.265139735414345,0.702784360419454,-0.56549088003074,0.751190589580232
-1.56160210486321,-1.24700486061442,-0.456152925085881,-0.704172091062888,-0.724418532404527,-1.55243824216651,0.15472131578637,-0.972718967817985,-0.248254524854227,-0.470420479823425,-8.3406406301445
-0.526017020424288,-1.11270161441577,0.951271975232479,-0.209950225100497,0.434026319736585,0.951779498481882,0.0349410698371046,0.08746670845032,-0.680015039304955,-0.535228335216992,0.392057746330364
-1.67502896532064,0.0870833680907605,-0.164392382093365,-1.17815171693408,-0.940932386718417,-1.39184923431421,-0.976748717287916,-1.18162474515453,-1.37864992936818,-1.97473248355455,-8.72972436243248
-2.16161977290708,-1.49370577882892,-1.99905821043335,-1.57174472562741,-1.56186461564375,-1.26689737495601,-2.03036723031875,-1.82257866666375,-1.50149410568838,-1.07287254119947,-17.6016738447258
1.04849593224267,-0.200250814257774,0.455991044488334,1.32851579950679,-0.0457489483319638,0.930538471521021,-0.450714624291944,0.0956239439276178,-1.02382237944956,-0.380318068174338,3.84168864903264
-0.524167812152871,0.892892380032566,-1.2944242454666,-0.967871213002395,-1.57627193719761,-1.30090537603192,-0.654406140347428,-0.439741544791368,-1.4653034845257,-1.02836775072041,-8.37787127898445
1.13467291602309,1.07535634095925,1.23898170713678,1.66103793678053,0.503588709647807,1.36964191392092,1.50566636826455,0.791221761643267,1.62902088035098,0.93067666619429,14.6667812962688
0.194208296260899,0.391681782898278,1.88821817996105,-0.0727857247918396,0.898632735311265,0.509245936000404,0.0643415629303135,0.690343145334912,0.120341148105576,1.29854163300626,6.65122523329553
1.32249825579496,1.93177218144931,1.02528162985042,1.14129299590553,1.84160339949004,1.30084723912839,0.638366018543188,1.97270389241373,1.9558074964284,2.837792731351,16.6019243411654
0.522714324154577,-0.787258785914192,0.207455516333389,-0.938035405753853,0.886937524282103,0.146618478106673,0.623781605214848,0.0862039843722624,-0.0519679788629033,-0.246646353268746,2.7907135399713
1.1021257582542,0.521742375426179,0.0799796089211278,-0.503857937829163,0.936430804406703,0.582896786381451,1.2542716157974,1.41879067086117,0.481055038443531,1.74275472233384,6.90010111394166
0.231364386682468,0.467749681666566,0.436739782558175,0.348157526353691,0.140568933783034,0.0275185442138895,1.0546875241952,-0.367348208650497,0.530972472026697,-0.583657561799768,3.10346592934811
-0.00486961501967489,-1.63972987621831,0.0981650513801037,0.35337046786903,-0.694577053215208,-0.198048634116347,0.00677566901406306,-0.226002354201479,-0.360624132354533,0.0192540438281945,-3.08003129613252
0.32175389482228,0.469216653551233,1.34608293791039,0.333930399608011,2.4803965625589,1.08152609292832,0.432497657984786,0.244129660218661,0.556705625278248,1.84018657269402,9.40850166954873
-0.582360723335822,-1.0488324535632,-0.515610791284455,-1.45350901474451,-0.817190357039182,-1.62753649899227,-1.16781649754143,-0.262220802594864,-0.201900236923146,-1.38535859528296,-6.44621895022623
0.226603670029274,1.13671832690422,0.106463432359145,0.801707892845962,0.333979836100551,0.450957806719682,1.15558919990239,0.294660763073688,1.22317908576999,0.68898408473415,9.253413649843
-0.805588502141386,-0.877437033152738,-0.515610791284455,-0.894906460809713,-1.37371228814648,-1.29193845797613,-0.69925239057372,-1.1715133657752,-1.36108101856755,-1.79527284158013,-10.2407337393424
-0.398990303354449,-0.0815915987922148,1.23977665128286,0.105206176301304,0.181092125303325,-0.395472210810956,-0.172760785699172,0.820367334302232,-0.208871521531818,0.471821900960216,1.47371229143251
-1.56160210486321,-1.24700486061442,-0.456152925085881,-1.29856213514482,-1.2226205614767,-0.720287693968066,-1.85517325479085,-0.878929337400433,0.272834130806286,-1.25168709428338,-11.0715876357681
0.733780007817667,0.246626412582058,0.361396677725493,0.252793457151152,0.978683051431403,1.17856213269374,1.4737350284006,0.577559470498754,0.681390491129844,0.560883485327556,8.72707935448261
1.14581355927118,1.07838404818399,0.835116420928589,-0.0998058329018787,-0.356529287992292,0.662355807890867,0.886343165023891,-0.55521497837959,0.98513532189789,0.0659629162958829,6.17219543560903
-2.12654364995137,0.141154253383581,0.529343518998699,-0.333032725465109,-0.694577053215208,-0.0888012608051195,0.173653639613625,-1.23325617192566,-0.516920627038803,0.0428226025798367,-5.19547455571118
0.756815564162055,0.160228324811317,-0.224065475281731,0.526948927923458,-0.451992275495135,0.0357284431430789,0.415282043994521,-0.366690595276443,-0.415008746529556,0.279469849539509,0.37453031806401
-1.1751111526319,-0.871059732917572,-0.863549615336884,-1.22294103529278,-0.887424852371526,-0.730298336591179,-2.82339040921323,-0.623455413848107,-0.0781827033121615,-0.572646244945035,-8.19097101310149
1.55509018027575,1.47306086671497,1.5608295882476,2.11557125294682,0.500070841929173,1.39753089081589,2.20675988546536,1.20119787598735,0.574513502578764,1.4125998965655,14.3668974994511
0.0573358674953542,0.882571057431833,-0.0850587027156592,0.481472428429063,0.978683051431403,1.10588038491306,0.8156331712594,0.441100825575926,-0.185942042901787,0.599414028401995,6.47972666749816
1.4613210378084,1.10854863204539,0.110307980748002,0.500555453978811,0.72005294000893,-0.0389565399882869,-0.644625939083937,-0.492817395425942,1.80330944748519,1.05347451783297,6.94788462718885
-2.41397355920724,-2.44620898555433,-2.75043333726944,-2.60731461370738,-1.43402563597439,-2.35129357563679,-2.09654485038542,-2.29825197080583,-1.44776948619761,-1.81067917967714,-21.4016524081021
2.03016492363903,0.63408532434292,0.343082431223306,1.7258227655065,1.83708436238421,1.39753089081589,0.508596796578762,0.658053746255468,1.54063708561421,1.96959343594428,13.095528137858
0.101050351089262,-1.57063014328586,-0.517346684397597,0.371879040727289,-0.492169678634359,0.0477563903097259,-0.730780651509123,-0.963395438199184,-0.932475372805009,-0.450800884263671,-2.45966290312578
-0.374215054375957,0.502891510042801,0.615314718444957,-0.315810788264695,-0.678690129601375,-0.380528220206042,-0.172664116253293,-0.964037845044285,-0.0889868952640988,-0.391209731369323,-0.828476990501371
0.478758225143956,-0.18581938226064,0.876461110516041,-0.353504187134144,0.594951793643863,0.532945197666177,-0.0778610118931342,1.05382574353274,0.140776679485437,0.994140335130581,4.05546554225275
0.371105148158111,-1.41139148453492,0.381465815276272,0.300070663999312,-0.265868482256287,0.534287781888414,-0.697654586928296,0.118561311609284,0.302764911865081,0.089936982008601,1.86693791690697
-0.842761305217371,-0.641090288598951,-0.560070641284095,-2.22780252940682,-0.947228892756619,-1.9633619176581,-1.23678587651369,-0.526029518968238,-0.73395021628702,-1.51387625863008,-10.5247382092342
1.26364944124575,-0.531109192180383,-0.736094075063038,-0.240526340278955,-0.97138696751836,0.261462977210098,-1.41874560834917,1.23090974340438,0.0287118391806496,-0.120250772149116,-1.97196537086201
0.699429153723498,0.336085326324398,0.691439008495767,0.801707892845962,0.580728857900039,-0.011793454116519,0.579221592236857,-0.180309983853244,0.98513532189789,0.0673650776631076,5.56570407509272
1.84391402345185,0.831960123148479,0.987249768504488,1.48830987466172,-0.360907977830076,1.34583954775456,0.276810881701061,2.31849301838081,0.349719704375888,0.588701711870399,9.98171611027865
-0.602866643024093,0.196258916881481,0.0465762527630185,-0.34185670466475,-0.409030577109182,-1.42381590611638,0.256245466606561,-0.653885974135857,-0.195565856072688,-0.625636826373506,-5.32480364484978
-1.1751111526319,-0.871059732917572,-0.863549615336884,-0.812422865270055,-2.01452260921775,-1.27542336458659,0.15472131578637,-0.262220802594864,-0.603522807499408,0.618030553093425,-6.04308992040257
-0.979079859263236,-1.4170150032539,-0.914555417910657,-1.4586363203983,-0.502230206004142,-0.215952627774388,-2.59984237529519,-1.42459103732353,-1.39751709971895,-0.981966231049579,-8.9597506632432
1.59339742777685,0.187071908335245,-0.62276856887328,0.12837844298494,0.28575738887774,0.155224026855363,0.346492310900796,0.715677997806143,-0.6841267286531,0.0313109459621281,2.90741674812644
-1.32409202135732,-0.78664814169253,-2.66282488075029,-0.215395491524518,0.161093521562644,-1.3878756709853,-0.745921730640113,-1.71522670212945,-1.61108187439224,-1.18023817049694,-9.92470638365769
0.788662490798826,0.356104534948715,-0.302403895406593,0.481472428429063,-0.0496078482218722,-0.469265868517291,1.52733784444868,0.456078088375082,-0.606667121390847,-0.534277208810455,0.739198652851326
0.190130355129902,0.391681782898278,-0.33384500803752,-1.572228253542,-0.331839595720771,-0.796466119844812,-0.105193349624489,-1.27214022972014,-1.31472137541041,-0.988611503017524,-6.46503990619427
-0.839026308328418,-0.0892813011307141,-0.778859080954212,0.047812469215899,-0.547741017061838,-1.17622240064618,0.526465294972986,0.0471485289770138,-0.62142075804913,-1.2643385659255,-4.5938478974716
-1.0897220578144,0.0819131278806945,-0.2787169823349,-0.947041334184694,0.168107802603833,-1.33694633814723,-0.665164973520725,0.139084427516569,-0.378962788405875,-0.326796375033059,-6.06377698256288
-0.936784616328343,-1.60005046950667,0.0447764951471492,0.454683801763566,0.479727971482685,-0.307872713699207,-1.60729622459801,-1.47918643347924,-0.506614928140192,-0.898557383345326,-5.70872651620708
-0.417814163819223,0.9925074200757,0.246668094671665,-0.262751252233614,1.31405933774794,0.343245856052016,0.334720173921027,1.06750424157616,-0.642417306510543,-0.276951841086739,3.10346592934811
0.381928575387943,0.736629000532983,0.303340442193963,0.184876839511405,1.66018203183709,0.832545690446917,1.31028359508051,0.577559470498754,0.577413158720253,0.560883485327556,8.72707935448261
2.07982183236592,2.36154928895596,1.18353119764479,3.17058114047912,1.02175926943904,2.37122650792744,1.60962865956351,1.64252051416103,1.00570493408404,1.85204182786613,18.8613008223147
-0.0507556501540281,1.63494636698944,0.69440270446696,1.23691283045965,0.907276258091202,0.542646402570534,0.577250137089103,0.577559470498754,1.64355237639311,-0.0235279936832812,8.3769352033051
-0.701059271676906,-1.69811037723493,-1.63035472812058,-0.120387561746047,-2.03799002290797,-1.09689039078978,0.847624695793725,-0.954148050327957,-0.758551077110674,-0.470420479823425,-7.75556680691394
0.442836559466725,0.926509789694064,1.05276337048067,-0.200955414165748,1.30540070162669,1.22639311285924,-0.661636682844929,-0.0348954279568536,1.22717553072163,-0.822197071740611,5.34784916654201
-0.302974431079741,0.416745642820149,1.13643318058497,0.225130043169065,-0.380568819705104,-0.78399814691427,0.597700576635341,0.215513723162625,-0.562291577892371,0.692378789958518,1.55027718096211
-0.198090497837212,0.211202565572024,0.615792783655976,-0.31699731184265,-1.40817820840409,0.0895892235018959,1.1687140712085,-0.41422780676973,1.66314293322416,1.085914863804,4.00710347422276
-0.362048110730182,-0.0541379236460685,-0.0454382536545119,-0.333542337100593,0.350562090179366,0.534287781888414,0.88332512098958,-0.518023685402516,0.102751073097646,0.120133157617848,0.640554711543447
-0.0554875738547401,-0.00178672746293838,0.106433013336015,-0.191701816535932,-0.267556897690026,-0.0406011851940663,-0.895112147562335,-0.130193910582219,1.09076371945148,-0.0192435513527777,0.458539521104391
-1.87923062625439,-0.32420604478592,0.35790983083523,-0.390436408981133,-1.24819504358496,-0.693755707063839,-0.483091753550625,-0.858697152256007,-0.822248980553123,-0.471376470081127,-4.33558063692776
-0.771731411118694,-0.120706591132682,-0.646259642613498,0.362095568610119,0.623907953340662,-0.124547433767087,0.348812876322323,1.01676877905778,0.914153377857486,-0.276951841086739,2.25615886583837
1.37676240750225,1.32669958566776,0.714802419161687,1.74353214475205,0.561434180093095,0.720193503010654,-0.0854731865746259,1.53898895900811,0.888932551761414,1.1721716416263,10.2149825857157
-1.1751111526319,-0.871059732917572,-0.0881547819902043,0.318520044100842,-1.95278306692595,-1.75333997807631,-0.925298023594019,-0.159427242705228,-0.758551077110674,-2.25570281894521,-8.19097101310149
0.128514541731596,0.192036776947073,-0.0100367529684099,-0.249811310519211,-0.398047459725742,-0.461534065005837,-0.357865109775207,-0.919590387627229,0.166304560543582,-1.01031448061798,-3.13181011694828
1.55509018027575,0.970094126674206,0.996681632861709,1.46460557194401,2.32903115257119,0.675156291193354,2.2596769768728,1.27949268954831,1.28968860648233,1.81902250969841,15.1572473767854
-1.30581010673114,-0.747628008295418,-1.08697707497887,-0.759638949763731,-1.63672608150274,-2.42848277179602,-1.71998015088874,-2.09771622447533,-1.16763356824597,-1.93401574692594,-12.2477291838981
0.930573105949164,0.0117125620655136,0.975276699530784,0.552087073555367,0.768617434836672,0.640808072046129,-1.03319653365126,0.0707027599727857,0.388234565613287,0.202235330159051,4.60219126087406
-0.60047640332583,-1.42835408409684,-0.053116592951406,0.318520044100842,-0.596283715407503,-0.463692253170635,-0.0577529503642943,0.188069992469763,-0.790771140853459,0.100289997582096,-3.90536377416107
0.988005998191455,-0.27202502153972,-0.396364303860964,-0.0205156565180743,1.1340024023519,-0.646702786438368,-0.593812439304323,-0.340900063428814,-0.0096419088462222,-0.19890302308724,0.319606956023774
-0.12346493752593,-1.35499149272383,0.761688939101,-0.209950225100497,-1.29637216352492,-0.278433937825503,-1.51413581393199,-0.173997396383803,-0.499989942108872,-0.558253832747701,-6.06377698256288
1.78424167339825,-0.169802328036361,0.0288235068979329,0.552087073555367,0.061798110272331,1.34034962446742,1.54884090712861,0.824203906470637,1.48902942406485,2.02452271381687,8.62958404783503
-1.29625893554429,-0.747628008295418,-1.08697707497887,-1.28467736675819,-0.905380093043136,-1.9633619176581,-0.645990254607018,-0.526029518968238,-1.43533806142209,-0.615741233579188,-8.72972436243248
0.882748492948159,0.091697062162948,1.26648250234861,1.33421382819311,0.326517110466994,0.873504085375287,0.432497657984786,0.00286425046726908,1.13999923619071,1.40332638874825,9.8393054012985
0.637997755814034,0.593848500507817,-0.215103368533891,-0.734901008907086,-0.545864393720937,0.534287781888414,0.0349410698371046,-0.626366457331993,-1.24902371247389,0.0942112955504564,-1.44932785289697
0.0570218163527446,0.882571057431833,0.927076930967362,0.261709556344142,0.88146680195175,0.837926337959242,0.454687171894048,-0.249634414552692,1.53035539693742,0.0371868060236364,6.94788462718885
3.29044560172106,3.1733796475406,1.18353119764479,1.20556013369601,1.60401589762046,1.29679767264697,1.33903019551862,2.81924199532068,2.98168392082515,1.87180439011846,20.593729654909
-0.731970724782545,-0.196552241293572,-0.136605420634008,0.364732433520907,0.571549871286287,-0.0711210806540477,-0.511941957537925,-0.302758834941491,-0.38768815079443,-1.45860796651591,-2.04960079151959
1.31871941493345,0.142594325810978,0.305276883797841,0.179027482070662,0.464891001617256,0.118030839649499,0.7933464020821,0.977208401639964,0.65355816397295,-0.044989491594667,5.226531009061
1.23955992698755,0.840188019335452,-0.040791877160936,1.13711831963625,-1.0287827138351,0.0671798348479172,-0.0124321983786691,0.565351324657463,0.699798617800498,0.473122868089166,4.47565031166783
-1.07518723762804,-0.578793954127495,-1.13227924161077,-0.867374773096115,-1.50818437956337,-1.9633619176581,-1.59501802873207,-0.394997815679626,-1.15060484363338,-2.06854358866038,-10.5191083443781
1.44375513018381,0.834529124010579,1.23898170713678,1.66103793678053,0.503588709647807,1.1460245944731,0.403711077062988,0.602256316361062,1.41657369284947,1.00771255039329,13.2001579529375
0.47612211042213,0.0499253162235252,-0.415852745040039,-0.42788813141908,1.61575494799782,0.013051791912712,-0.658270252915241,-0.518023685402516,0.244475791595513,0.446075661970973,-0.182819529487326
1.30318961606124,0.399129667901897,-0.62276856887328,0.660976901580445,0.353883875883268,0.977658160934824,0.525322169310701,0.57607732269819,0.158534031405624,-0.349563598494196,5.36243187711997
0.0913848503158809,-0.216075021070783,-0.482786319561036,-0.864276468591487,-1.34894904601089,-0.312326987742525,0.00583887798312934,-0.181324436700883,-0.287319373604961,-0.740739381607133,-2.28807925618198
-0.440683429823507,0.756319560553443,0.822010747717424,0.481472428429063,0.840673117607364,-0.187013385834009,0.771366612508579,-0.367348208650497,0.109285301130495,1.08348385113318,5.36243187711997
-0.487571218100814,0.108450615360216,0.956214453165424,-1.02400656181026,-1.94103353870027,0.450527794781928,-1.3289646513284,0.420262830937237,-1.31472137541041,0.457816678944586,-3.29792627999205
-0.304452145023055,0.668520419805115,1.6947959453637,-1.16123701998633,0.871921631810995,1.26648498473481,1.505075439628,0.0651974046591186,0.158534031405624,-0.35756308731942,3.93295755891287
1.49122709635425,1.01143846454882,0.996681632861709,1.46460557194401,0.503588709647807,2.31216450550491,0.638366018543188,1.45346741830918,1.66661950344623,1.81902250969841,15.2390004296242
-0.112672390103847,0.534307433676596,-1.01054179248907,0.434275150774115,0.451673510438299,0.108951194074589,-0.0844546568774676,-0.41422780676973,0.474163186808961,0.323642294932645,0.37453031806401
-1.50121339778646,-1.31026794892748,-1.31709168298218,-0.0805008776062153,-2.03799002290797,-1.43933798364631,-1.59501802873207,-1.54939115473052,0.29558009860036,-0.0120687123881592,-8.10691104037608
-0.936784616328343,-1.60005046950667,-1.45731892308071,-1.40912981343336,-2.02037874723154,-1.4782125039211,-1.51866241387154,-2.05666727694479,-1.91220569758495,-1.06459684662492,-14.0218149825774
0.930767750949194,0.923825318836012,0.550968127137255,0.786483734292932,1.15887217786183,1.11909102406621,-0.388055362329745,1.24528005501454,1.07800144525225,0.404593209064819,8.3769352033051
0.197705989953098,0.0370150342709291,0.43192163827747,0.369530225693148,1.47896600442136,0.305421737116617,0.335769309512603,0.703718216102774,1.29001579445439,0.530439450273824,5.9690413180408
1.13101492318415,-0.836869419425894,0.233677018362863,0.105206176301304,-1.62462358559944,0.557026811957889,1.05332316664305,0.567438551492524,-0.157559996532765,-0.292653121546988,1.64292933664527
-0.448197199301853,0.389012803976959,-0.737818862379308,-0.492008118418025,-0.499808606971746,-0.2370778538788,-0.779140521486558,-0.322525910593324,-0.688147207138732,-1.33526242966381,-3.26664445829155
1.82162719968803,2.83016795799827,1.18353119764479,0.986029261864004,2.09704683126285,1.37551220339406,0.695385514500371,1.84982181379854,1.72864977264633,2.12365017392282,17.4445168669377
-1.25109955896802,-0.280731763040576,-0.297023467975119,-1.2106085748883,0.0747705955951534,0.179739944306439,-0.573117066017189,-1.05558542661739,-0.900921637367651,-1.02836775072041,-3.49457285865908
-2.48557851839845,-1.68581380271976,-2.23908368883195,-1.66843648464094,-0.936456312880822,-1.59542285198164,-2.88028221277597,-1.66531755139329,-1.92584526458852,-1.83929151733758,-17.7175756069794
1.71301559885679,0.608950849523946,0.556301750253044,0.500555453978811,-0.647595473232493,-0.157471152932336,0.570117673706163,-0.256433931010922,0.909928899304421,-0.150007728554783,3.87249805304847
-0.416896533959055,-0.785916938745863,-1.36233623201377,0.632430312000875,-0.740404562425679,-2.06658720209896,-1.24836585210117,-0.815845592444519,-1.18023365773782,-0.876461971886881,-8.42186092933436
0.478758225143956,0.0499253162235252,-0.415852745040039,-0.42788813141908,1.61575494799782,0.013051791912712,0.855001139875689,1.06958536152814,1.16665494864936,-0.458459863622156,4.83587903475215
1.07739224267576,-0.108661778452413,0.452675436875266,-0.159979952158472,-0.0527289036035435,-0.24926163946622,-1.47341795065433,0.45568514411876,-0.114675154128138,1.39857619434103,3.50761637297933
0.128514541731596,0.192036776947073,-0.0100367529684099,-0.456959572463027,-0.320612210686981,0.653839051601041,-0.403857456948595,-1.51566067914858,-0.38862956717136,-0.526903145465418,-2.6820665218567
1.587494897348,0.187071908335245,1.49289329339367,0.490359031652287,0.72005294000893,0.878646450178523,0.61791939551974,1.27465749099629,1.14098325533683,0.0641700302099787,7.6334200218545
-0.25220710751289,-0.30788742471865,-0.249528371622742,-0.412454550235591,-1.57627193719761,-1.72819685568873,-2.30087094603564,-1.18162474515453,-1.41440091704169,-1.98245143037286,-10.9415119325289
-0.911546335224865,-1.24739618209837,-1.1998854831444,-1.07665591452999,-1.09573851640685,-1.28890590381895,-0.47231641537177,-0.727287655027246,-1.87682856634744,-2.14328412272238,-13.2893558744702
2.07982183236592,1.44807556162834,2.11467517213047,1.86505511633564,1.35656801118502,1.72803489468457,2.70799246353356,1.87747236011397,1.83831842156929,2.08984158777414,21.1782419376814
1.58706997667958,0.976915438425598,-0.578345943900162,0.875074361888478,-0.356529287992292,0.565300666973545,1.54884090712861,0.160711972592247,0.572222529271648,1.9746964866725,7.17003161536559
0.168248726865863,0.401010969347713,0.483106067721647,1.43393095014349,2.4803965625589,1.25047338605605,0.955194767788483,1.0166565478696,0.695574546693893,1.00771255039329,7.68209616211037
1.26621196882725,0.617541496351368,0.00429471434930585,1.02502153696675,1.3280793882383,0.878646450178523,0.0612288551758986,1.24528005501454,0.227610501461698,0.864281877865033,8.69100422735115
1.587494897348,1.04192823744323,1.36668879874978,2.78115390819588,0.275826106794626,0.140342314601494,0.980492173143591,1.49729307687865,1.54063708561421,1.31579150391524,13.6109562178699
0.609363888919963,-0.881895271502072,-0.860973682216722,-0.890845772277184,-1.01330878096627,-0.994583075334046,-1.68090628610504,-0.868743514428657,-1.16980494261919,-3.32521906884627,-10.9757468756537
-0.138901713664469,0.498481665215043,0.795391169641867,-0.543231280861322,0.0364059016134098,0.108951194074589,-0.687400882835682,-0.604941024284156,-0.328650951894118,-0.473937993299094,-0.724046907849172
-0.178012583462834,0.465557026679473,-1.01765002290634,1.70846746777778,0.588581811950102,0.133577709992467,0.334720173921027,1.6975800408385,0.356548597993316,1.44566877843031,8.47280365538241
-0.60047640332583,-1.42835408409684,-0.499321188483944,0.198745590195604,-0.982256671493198,0.381136865843149,-0.661052189554938,-1.1557246558693,-0.394229818443911,0.0230515888838016,-4.86828183902224
-1.07518723762804,-0.578793954127495,-1.13227924161077,-2.03251050189321,-1.76490085881533,-1.10617810101466,-0.353072698379013,-1.30835504588203,-1.38857258749508,-1.76833039309144,-10.1604265204823
0.128514541731596,0.192036776947073,-0.0100367529684099,-0.249811310519211,0.359123961554303,0.551344242656816,0.322680628373099,0.696659629967694,0.124343443623202,0.422185038571945,1.77620724017239
0.429210542414837,-0.0853289983524526,-0.676037730765724,-0.401680983209605,0.632008858799928,0.545108261731795,-0.895112147562335,0.341924426664717,-0.381286328779206,-0.305164936655051,0.525855867910708
0.102972037257569,-1.57063014328586,-0.303649781385464,-1.53441758524943,-1.38245387108895,-1.04085642822772,-1.11906238563722,-1.18162474515453,-1.26764112296946,-1.17928213918873,-8.10691104037608
1.26066705901552,-0.531109192180383,-0.415852745040039,0.220581845609526,-0.475432487319004,0.901315452227521,-0.259546413280864,1.4756692013382,0.732501418352198,0.255773756439405,3.06044145576928
0.555780055923346,-0.932965897509382,0.864681832211198,0.0712254424102411,-0.0223627573113304,-0.977488387591314,-0.501634516040304,-0.487287721038732,-0.00124819368636892,-1.1230591206364,-1.18194960542537
-2.24878230851749,-1.49354482317887,-0.841817962785866,-1.81541948570759,-1.75784095594263,-0.88347281321561,-1.77439585075049,-2.78755067119291,-2.5330814064488,-1.96558263924967,-17.3894113637459
0.0523487383289557,0.987182160192752,0.303340442193963,1.19610854171913,0.297763502999317,0.0308131797029987,-0.644625939083937,0.36637633540262,0.357805536714009,0.965092404607648,4.47565031166783
-0.862944683226357,-0.996561931885181,-0.176091848077252,-2.07750739124568,-1.60119511607117,0.0981589638584663,-1.73748378379221,-0.146424392356878,-2.26909017764806,-1.51387625863008,-11.7101992518179
-0.558082712964756,2.02074773146986,1.25010446473913,-0.80796869913545,1.37793610263741,0.123516619357669,-0.00111941906110135,-0.244444689655922,0.112883970536211,0.149507880968634,3.90997222767245
-0.896564867128238,-1.43695228510115,-1.04781914617681,-1.61776487010874,-2.14490122938536,-0.405986226462737,-1.68451595134397,-1.45941291370057,0.29558009860036,-1.21772839972897,-9.04211140637
-0.0507556501540281,1.63494636698944,0.69440270446696,0.368591174954465,-0.0476610338733204,0.245693973081654,1.15585192767839,-0.967359169143667,1.51059790388343,0.255773756439405,5.53421894700558
0.473582468991852,0.168949219709556,0.483106067721647,0.181626074487304,1.31023791105262,-0.154020724011476,0.0369745731417554,0.80068363327526,-1.28736323889115,-0.745428906703888,3.31973714191535
0.0557506698070974,1.14679632945225,1.02441873492949,0.868613475583696,0.98403247346032,0.220728012125617,0.0612288551758986,0.874200034452342,0.445776389944535,0.836635641066031,9.76704062856266
-1.09663304840976,-1.57698196595329,-0.847801063496166,-1.30834928643351,-1.19682301357242,-0.885477492478853,-0.79326946676405,-0.818074447610791,-1.28249798753589,-1.39516624000669,-9.04211140637
0.548133683268904,1.09196152634462,0.619125234075251,-0.200955414165748,2.4803965625589,0.326609632250428,0.808345751549194,0.824203906470637,0.864343995648771,0.68898408473415,8.3769352033051
-0.53407137109316,0.662721125826737,-0.142889374077184,0.607086884713255,0.247347630626462,-0.76655930555283,-0.0844546568774676,0.109943492949504,-0.36553909422086,-0.014007610706368,0.86846754381193
0.185363078319508,-0.398999616790121,0.160757025274631,1.5669419715413,0.352034196395873,0.020159948186227,0.6439196014855,-1.11436020187097,0.266098416910551,0.707063332505617,4.00710347422276
-1.23848767538748,-0.280731763040576,-1.54382346862664,-0.694731601382783,-1.19285629693876,-0.488765813234877,-1.35827391428648,-0.159427242705228,-0.180860010890313,-0.404300106524695,-5.84411537942761
-1.67502896532064,-0.708418469329882,-1.24335702910044,-1.73629299625454,-0.993205503806327,-1.27937181017529,-1.48749185496777,-0.14020758841422,-1.38438916379056,-0.322559088523196,-9.04211140637
-0.540918251142235,-1.01977725766234,-0.479208031733608,-0.390436408981133,-0.675651009103182,-0.0888012608051195,1.25591700254211,-1.56122535517556,0.348315456871807,-1.14908764777576,-1.92180011266636
0.00569707802045156,-0.637539392648968,-1.64378914096256,-0.492725171133718,-0.486988356382327,0.538729127242617,-1.01106860891842,0.0471485289770138,-0.883138901412298,0.200315406416534,-2.71922769326745
1.09409030351941,1.92402221637243,-0.368691338506496,0.649765521073721,0.520804311576585,0.466781120662788,0.585758615154101,0.718941047938386,0.910073274678996,-1.18507851380135,6.66408167182919
0.217697201023155,0.771405876366938,1.65351721845343,1.23691283045965,0.318222772785057,0.873504085375287,1.22517092157782,0.856940680773544,0.864343995648771,-0.108282557258118,9.57775066971393
1.28617006285056,1.93177218144931,2.11467517213047,1.98934291558687,2.37350193224906,2.37122650792744,1.68859323847449,1.87747236011397,1.00570493408404,0.956484096623908,17.9983057754668
-0.524167812152871,0.49420560402593,0.756860013013152,0.438269763667559,-0.0408695756554484,-0.92337922502629,-0.0172183455394596,0.265139735414345,-0.99479915473145,-0.0600992091965412,-0.0900162654906773
1.26621196882725,-0.531109192180383,0.440940871646761,-0.608672499682215,0.292386567544615,-0.152630963264385,-0.511941957537925,1.40896255918099,0.110979702590762,-0.696919740870818,2.31719562631734
-1.44189486631646,0.546050820456684,-0.0431726417955622,-0.508306044877529,0.458495197669627,-0.755955589321521,-0.630748063642114,-0.963395438199184,-0.991506114796584,0.273760188091847,-1.92180011266636
-0.874934378396942,-0.587480589482527,0.961238539476178,-1.13379328668536,-0.746823237607205,0.381598327772029,0.151218862061058,-0.220513295685009,-0.0516793275379527,-0.232467103163334,-1.53697645054348
2.22868004905044,-0.137955692725363,0.00775121697995539,1.3278324756609,0.900299202309888,0.326609632250428,0.0643415629303135,0.712371156522519,0.383430489526833,1.79801633258836,6.17932403896152
0.858040741706398,0.71359459914997,1.03883947166797,0.0764724317993472,0.0877373779051187,1.43515256025823,-0.084513498246442,0.386995388126979,0.0519677242822925,1.56270076532898,6.22504974459012
-0.794614107529308,0.137674819141162,1.91583306783969,0.298848044974497,-0.839542381295402,-0.546937485191488,0.486877204437858,-0.403323121680354,-1.35375576460569,-0.644262040363984,-2.69688308108233
0.204497132977849,-1.03994903786465,1.04396762310771,0.857307173855414,0.292386567544615,0.0275185442138895,0.520718853774013,0.202060067998479,0.173465496336316,0.619867888280795,6.22602205417484
-0.558082712964756,-0.14488372577167,-1.01693554396777,-0.0956422977291408,-0.88883840806068,-1.06024276793382,-2.26872983490393,-1.70252492169395,-2.26909017764806,-1.76833039309144,-10.4216080367501
-0.181870365813475,0.465557026679473,1.14904470317113,-0.778016538699565,1.13726168692363,0.361489490981094,1.27367544945372,0.758363059842142,0.840214204644858,0.599414028401995,6.07523159057684
1.00560693444916,2.21739703617304,1.88110810001599,2.24240476882905,2.37350193224906,2.37122650792744,1.68859323847449,1.87747236011397,1.00570493408404,2.08984158777414,18.6114842274203
-0.841777793040793,-0.0892813011307141,1.00379077899238,0.434275150774115,-0.410370221398715,0.0299231893479852,-0.499790686333774,0.118561311609284,0.255180230889933,0.378785788830255,2.78664393263136
-0.243561119823656,-0.234590584720719,0.183559484696962,0.9882120998964,0.296106057998053,1.07690121839437,0.270610291723954,1.05382574353274,-1.58942228685121,0.832988355707269,5.72224333300047
-1.03361643056948,-0.983420876996617,-0.3317879391789,-0.432029578215614,-0.534194063820643,-0.888798924430628,-0.346130684183697,-0.583284549178384,-0.213810548036811,-0.304817740719039,-6.24178862696072
-0.371914342814334,-0.934307559698142,-1.54382346862664,-0.867374773096115,-2.0701523984751,-1.21207218940984,-1.547289147742,-1.76904526583768,-1.3113943398575,-0.556439289028,-11.9005818771142
-2.24878230851749,-0.724878926904176,-0.456152925085881,-0.950397762664944,-2.03799002290797,-0.866926223385267,-2.59984237529519,-2.09771622447533,-1.351207923425,-1.93401574692594,-14.5357263460651
-0.0464770513444785,0.234423202836872,1.49840358295184,0.252793457151152,0.599549791536233,-0.0287276565358643,0.119816801195368,-0.376537547520087,0.571072012541345,0.826525660499232,5.36243187711997
0.168248726865863,-0.102341233489777,0.283064756557601,-0.42788813141908,0.30019692826103,-1.78176396084422,-0.713781656555943,-0.283905030895954,-0.62142075804913,-1.14908764777576,-2.28807925618198
-0.60047640332583,0.602900457388851,0.404499290628767,-0.38150574338605,-0.784196186142545,0.769809667054231,-0.561883220909027,0.493057265151857,-0.0528511409361322,1.06915592092891,4.91375921450882
0.0459185171099269,-0.140900520602605,-1.13275248679731,-0.876301990594824,-0.694577053215208,0.155542116520086,-0.571764939398928,-0.181324436700883,-0.342133964339764,-0.766415427269739,-2.28013928600307
-1.07518723762804,0.184071767902127,0.579529189448555,-0.996097278908333,-1.57627193719761,-0.671060241951959,-0.661052189554938,-0.614350160821053,-0.174661683750724,-0.930914278132398,-5.86248561090569
0.536134323565341,-0.0307689873653339,-2.17924466561871,0.658621775353769,-0.27023474042141,-0.25496456397675,0.457670136987536,-0.130193910582219,-0.135861259617193,0.613696537074565,1.82996519996091
-1.42839463957247,-2.03603132396845,-1.99905821043335,-1.69217617192167,-1.65641693688427,-2.82106414390816,-2.22725867218306,-2.98061402276994,-3.20507609236544,-1.70809590353278,-20.7279337702152
-0.121838023089962,-2.01312855977395,-1.00275335283577,-0.965718922237053,-1.09573851640685,-0.800550558062382,-0.959068841324062,-0.159427242705228,-1.00040920576011,-0.347470562674757,-6.35416899057147
-0.839158845767175,-0.0892813011307141,1.00379077899238,-0.850289162588772,-0.714767313448515,0.318814247200708,0.384181375877063,-0.548635600293585,-0.46045145483295,-0.673460878975391,-2.6820665218567
-0.212373739541564,-0.714308026445458,-0.639966465586935,-0.0956422977291408,-0.59093381508422,0.343774027237272,-0.677417795005197,-0.0134200626487898,-0.50186530074814,-1.06943772265248,-3.09981886887516
0.207933882405077,1.37058293463889,1.27245978173982,0.299942538123769,-1.0287827138351,-1.13359683945774,1.01908693458509,1.06958536152814,-0.112909731598732,0.88440962608459,2.39124010218626
0.177814847276457,0.477944895481793,0.242774009019427,0.535023966694203,0.966721038469973,0.565300666973545,0.624802600072681,0.872843834671146,1.03425494179479,1.26999583780544,7.47426609422665
-1.02453728709548,-1.53567926972454,-0.273228450195629,-0.759638949763731,-1.60992192552191,-1.9633619176581,-1.41934617913345,-0.394997815679626,-0.596017573357596,-0.821148389684222,-8.1583847442206
-0.460012378381516,-1.28174285490869,-0.214301581580874,0.716168021952999,0.0681081513159654,0.31030197186091,0.348812876322323,-1.44215463786937,-0.527055856599132,-0.0766900650496086,-1.50027292447706
-2.24878230851749,-1.49354482317887,-0.483909041855956,-0.716337257915583,-1.01868860752054,-0.41314259982368,-1.24398858141463,-0.318831239821718,-0.0462499918875696,-0.810104693618632,-7.72851475160906
1.8199873544033,0.831960123148479,0.314161591417423,1.57676356482229,1.38616353964092,0.977313791399063,1.68080163475502,1.3464194784924,1.00876160728411,1.33451698365453,12.080256155349
-0.417814163819223,0.225186754942854,0.89070395732289,-0.31699731184265,0.651833295198393,-0.409702755021047,0.0875394036493433,-1.36229261062555,0.255180230889933,-0.613263395130502,0.525855867910708
-0.122709520235406,-1.35499149272383,0.529343518998699,-1.01011459322223,-0.507333288027382,-0.278433937825503,0.381244629872112,0.536330943941391,-0.142440503931102,-1.00294797376397,-1.00240941999851
0.204497132977849,-1.03994903786465,1.04396762310771,-0.938035405753853,-1.14217630537238,-0.124907189422175,0.0679940741002044,-0.532589154066098,-0.195565856072688,-0.363781824063156,-2.40797402296654
-0.0464770513444785,0.634773798342789,0.242774009019427,-0.0652306757630366,1.24565168363788,0.245693973081654,1.0546875241952,0.733152115831376,-0.647372193405284,0.285972318002235,4.53087054963726
-0.0399790061745131,0.806057629600431,0.0174992169025786,1.90117043936103,0.0877373779051187,0.78172606091631,1.15000959087812,0.966087433240063,1.10890772884914,-0.0621640606098254,7.47426609422665
-1.32409202135732,1.17646926394163,-0.425020787856339,-0.0763418919696027,1.00455019111556,0.15252634536909,-0.0172183455394596,0.575263486888052,0.159508886715788,-0.30939131081494,1.45277344067757
-1.75566519989558,-0.00730907124609105,-1.10841429967878,0.521471229984378,0.0401682097095836,-1.17602287416894,-0.955826929475348,-1.61407908365073,-0.822248980553123,-0.810104693618632,-7.68702616846264
2.22868004905044,-0.137955692725363,0.00775121697995539,0.228254046579586,0.855797386181458,0.466781120662788,0.685117479289516,0.160711972592247,0.508713444743619,0.471054277222081,7.86570540889518
0.555780055923346,-0.22666222968041,1.13643318058497,0.580595364164513,0.599549791536233,0.689618095695947,0.207542541631008,0.977208401639964,-0.647372193405284,1.56270076532898,4.71805925970881
-0.152986779832576,-0.68481687064707,-1.03534084346398,-0.791640743663889,-0.0740864856025683,-0.9102676383551,0.175138953729212,-0.460223723145557,-1.63772540159584,-0.12234915381792,-3.58887138891504
1.49645345104524,1.12380485340783,0.110307980748002,0.362798201127616,0.90343655845645,0.911652692969363,-0.661636682844929,0.160711972592247,0.922142073013952,-0.531582718646813,7.58995208555367
-1.67757454568359,0.0870833680907605,-0.164392382093365,-1.17815171693408,0.221061673913333,0.469758846170966,-1.51413581393199,-0.812055657041618,-0.499989942108872,0.0230515888838016,-2.45966290312578
-0.398990303354449,-0.0815915987922148,-2.0503823419971,-0.867829706631566,-1.05018759725812,-2.25542977119031,-1.68451595134397,-0.623455413848107,-0.609631956768181,-1.97473248355455,-10.8429579310341
-1.15796557689521,-1.98679717169399,-0.436526422301287,-0.915021783695792,-1.55582221150183,-1.27145550128035,-1.54297748575612,-1.37431334088861,-1.96524890835145,-1.43035996567547,-14.1372589097671
1.09409030351941,-0.0100775933563476,0.971669660642482,0.653855860612155,0.82116612133312,0.913989437488307,0.124336272796451,-0.16855075266317,1.20584357101443,0.717217642002617,7.47426609422665
-0.548621722549516,-0.802852309428438,-0.297023467975119,-0.333032725465109,0.702533754816553,0.628408254661047,-1.13306151930971,0.0644537482994285,0.013992513898674,-0.531321169282198,-1.51595378207005
-0.602866643024093,1.37935660650607,-0.0850587027156592,0.178761927793614,0.653146667534272,-0.24926163946622,0.545895418623907,-0.946182587882555,0.26618668766512,-0.014007610706368,1.89592522324912
0.128521084977819,-0.482811914457325,-0.315900148646566,-0.461482105078269,0.623907953340662,0.635465323585795,0.534785360987879,0.0284856606661557,1.96185365264753,-0.0287643738175151,3.93072523492924
-0.405801201137106,-0.258399687659256,0.166235153623821,-0.095384440292758,0.674168757315207,0.247371297115195,0.88332512098958,1.05602191674904,0.357805536714009,-0.822197071740611,3.31341525783355
-0.26635700675564,-1.16094233548647,-0.210445261070193,-0.277664729055021,0.0401682097095836,-0.203977238937564,0.819406066713759,-0.532589154066098,-0.287882905067808,-0.525072896129904,-2.29266270933577
-1.52736936884206,-0.841726708283608,-1.16810871611902,-1.65119734195421,-1.80655689505747,-0.593614302710311,-0.47231641537177,-0.318831239821718,-1.76798313797512,-3.32521906884627,-10.8719124107961
-2.77086311869102,-1.88813534698776,-1.30112409329504,-0.732810025284047,-1.65906068603869,-0.618913284624513,-0.998901928022093,-0.760327808592678,0.29558009860036,-0.384545419377854,-9.02266270636229
0.699429153723498,0.554446724509609,0.533990914734029,0.179027482070662,0.570009075742829,-0.672788506781068,-0.0168086280082093,-0.938989846987598,1.96185365264753,-0.101763692613648,3.57934903298088
0.527308467252446,0.400404934402915,0.860773537498912,-1.05444569429798,1.19020833705441,-1.08641554693187,-1.65630570471271,-0.113571437685444,-0.360806353484112,-1.10619604608243,-0.0459903382517191
-1.09663304840976,-1.57698196595329,-0.867656012338461,-0.896487252676889,-0.489565632882296,-0.867402900211282,-0.975766764687775,-0.221331272188051,-0.289825242121086,-0.683756982726884,-5.78502599930573
0.930573105949164,0.923825318836012,-0.423787529921222,-0.108660188600433,0.455732802480549,0.935282556278714,1.25000691349334,-0.249634414552692,0.284300084427477,0.981169747344602,3.67075364017267
-1.56160210486321,-1.71667413528907,-0.85453366801108,-0.215395491524518,-1.5987076887168,-0.312660603724083,-1.06353580606896,-1.03380612170699,-1.41440091704169,-0.0504137993017065,-6.41174652215394
-1.47398583492814,-1.50120778928285,-0.998591362422178,-0.73973207369452,-0.964474978664832,-1.57388346461423,-0.754515786442346,-0.874748080337797,0.431710471628963,-1.74946275603053,-10.3382190615392
-0.371914342814334,-0.102881183894283,1.23977665128286,0.105206176301304,0.181092125303325,0.408862821584221,-1.08099268359785,-0.06627277817966,0.807463687005011,-0.209939003459093,3.50761637297933
0.0489677719311492,-0.140900520602605,1.33122316133848,-0.641689563866889,0.488494576251968,1.24461819684222,-0.83495573863453,0.619763834187552,-0.136508655829962,-0.234022883838501,3.46623153123297
-1.97461646115389,-0.0914651589925918,-1.73288462378537,-1.5173532255619,-1.85442193995098,-1.56044469874792,-1.83199983225472,-0.760327808592678,-0.768210066690424,-0.340321272478779,-14.0353659979583
0.907217282119456,0.21845087780426,0.0828863288846694,-1.55131466112331,-0.610100132351053,0.192321495360876,-0.228545113645179,0.265139735414345,-1.12556183334211,-0.841635372274057,-0.491823303441585
-0.833689355707873,-0.989636517899325,-1.77675329305314,-1.0301297231362,-1.4165423849497,-0.885477492478853,-0.166479859454128,0.412199409450298,-1.3783027355201,-0.894039298427718,-9.94210709856712
0.310332357466455,0.857553103641585,0.44806905046891,0.105262106738601,0.464891001617256,0.372780414456734,0.334325816272532,1.86641048154319,-0.577600559358945,0.380357709330477,6.30771999599877
0.226603670029274,0.876297871039781,-0.0858837883617852,0.473850004437218,0.327523925248264,0.341053646107308,0.705758439272196,-0.152876974308018,1.27082130091088,0.717217642002617,5.56570407509272
-1.03361643056948,-0.791935673936683,-2.10886658519826,0.10364796946773,-1.04862102944728,-0.811404519131559,-1.70496212743729,-1.23057295498461,-1.39086396861568,-1.49930925914568,-10.5247382092342
-0.433088539479799,0.206442566731434,0.176064015479295,0.796137102203027,0.0146250429492485,0.734018054064256,0.603781891143802,0.541806046289393,0.388234565613287,-0.707773127012711,3.10346592934811
-0.0857442304759119,0.705354682010186,0.513725887705808,0.348157526353691,0.771769120868659,-0.0332161627919404,0.0297847128284484,-0.248144981607519,0.314628223982028,1.085914863804,4.47882950010558
-1.0897220578144,0.0819131278806945,-0.177728902684093,0.028410534611211,-0.788790597616693,-2.05519635911141,-1.27720730534247,-1.86785493122032,-1.51177985605892,-1.79527284158013,-8.63163248020885
-0.362159159336272,-0.374306344488965,0.0744193645868307,0.0962751352180917,0.757722627566193,0.510591372960805,0.0349410698371046,-0.143376828000448,-0.827537543443891,-0.535228335216992,-0.760058609232169
1.11862755966802,0.276954300288469,0.231398135484174,-1.05444569429798,1.16348992395508,0.548008722091637,0.982293183808626,-0.180309983853244,-0.233788452670675,-0.209939003459093,4.56246647956104
1.59339742777685,1.04192823744323,1.36668879874978,0.840799579438678,1.43939683847376,1.00823814667386,0.276810881701061,1.39150394638499,1.01801040899367,1.33128340438463,13.4128469124851
1.56711539615744,1.47306086671497,1.21555601201346,0.998983284205091,1.08186464290719,0.977313791399063,0.403711077062988,1.09718727684977,2.23973565102213,1.40276439790151,13.8870194715904
0.395663541675737,-0.570307060677776,0.767215901044949,0.154715277844311,0.488494576251968,1.35927842270684,0.270610291723954,0.733152115831376,-0.136085007867998,-0.225238883891327,4.47882950010558
0.6296387077276,-0.237955920805841,1.02575894160298,0.580595364164513,1.34487296959662,-0.340817018515353,0.628761658588326,0.15891005679993,-0.140857058803467,0.179779838343327,5.36243187711997
-0.842761305217371,-0.0892813011307141,-0.778859080954212,0.751423483732556,-0.499808606971746,-0.940797843300514,-0.0417737582428106,0.21973694381832,0.51327459379141,0.287335180951027,-1.44932785289697
0.0557506698070974,-0.130235654087238,0.89070395732289,0.369530225693148,1.47896600442136,0.941438083713039,0.852459093406491,0.675516129099756,0.862494320943491,0.380357709330477,6.52515700475304
0.336045529301529,0.0403960995478572,-0.239764412211264,1.13217882052078,0.175814994895476,-0.189518799739614,0.520718853774013,0.439996249725142,0.357805536714009,0.296388744217512,3.22309156356294
-0.0857442304759119,-0.353855691734352,0.183559484696962,-0.0763418919696027,0.131084938962152,-0.400301236160741,-0.488596233951812,-0.130193910582219,0.0287118391806496,-0.51616879270861,-1.84292589260553
-0.46228285163911,0.0666223195629224,0.194175003363321,0.402108483938237,-0.0355217167781653,-0.0863193792889519,0.0349410698371046,-0.245724796568256,0.807463687005011,-0.277815618763654,2.07595945721223
-0.0795075592590026,-0.353855691734352,0.783197002568572,0.984128912812793,1.47896600442136,0.449137952902478,-0.227321090766785,1.10341234836583,1.66986160923006,1.36081270427681,6.38001942798738
-0.0795075592590026,-0.0306762565526503,0.240236005775652,0.713898953820389,0.197994243430429,1.07690121839437,-0.645501654981105,0.439996249725142,0.374753530379508,0.72196729108428,5.34406430807796
0.788662490798826,0.356104534948715,0.929835615051829,0.902124134150691,2.06089452900927,2.31216450550491,0.577673770613176,1.39150394638499,1.54063708561421,0.706023059897823,12.9539897988571
0.536134323565341,-0.181080778932085,0.419008053387267,0.0669284921086883,0.0364059016134098,-0.409702755021047,0.325636677583638,0.298186604068417,0.336533937125994,-0.101763692613648,0.298362182121677
0.310332357466455,0.917691419747269,2.07304387093062,-0.534318334338677,0.741585204434108,1.34250897517467,0.132911182776523,0.00286425046726908,0.745324484879173,0.945669872488579,8.72707935448261
1.49122709635425,0.980046459419382,0.739960011886971,1.19256612356264,2.07618553285955,0.140342314601494,-0.325947067270821,2.26439868410812,1.45573563812307,0.588701711870399,12.2395302536865
-0.683413631996481,-0.799263771760111,0.518865260059066,-0.486575162391787,-0.156491358445677,0.122207088559884,-0.277796818892062,-0.492356076233694,-0.5797711164677,0.0392941863579285,-1.63519080670236
0.486951217336733,0.751507367943204,0.787831529882906,0.340973882905162,0.82116612133312,0.509245936000404,0.396024261735539,0.675516129099756,-0.30640124406544,-0.0645704174453506,5.86239564091146
0.046142427098242,0.278405782581057,-0.0146084227521967,-0.38150574338605,-0.0223627573113304,-0.656033720195031,-1.18630282343779,0.763082683480811,-1.33704296600019,-0.0718506126557619,-2.40797402296654
-0.542754573380313,-1.50628898743793,-2.71484151551967,-1.82111143938617,-0.501317971294919,-0.558229194715711,-1.51866241387154,-2.1110401816542,-0.784805533142285,-0.647249125489332,-12.1924063754678
1.49645345104524,1.01143846454882,0.481305206178965,1.72025249291687,0.753711405893524,1.36964191392092,-0.067885018136483,1.3009546942348,1.06841966314117,1.08664367037763,10.3592966985774
-0.354860381271555,-0.797105886550415,-0.21121336127143,0.455875269748048,0.364782580503071,-0.640245213941222,-0.245044902468753,-0.220513295685009,-0.202565962784636,-0.0358243454775906,-0.73231055070804
-0.0714762531191615,-0.145475429266806,0.657376808049771,0.754427322704605,1.01402749608643,1.10588038491306,1.4984743414425,0.0709567533223576,0.853524326443488,0.142489686415439,7.55271028292653
1.09409030351941,-0.0100775933563476,0.971669660642482,0.653855860612155,1.37793610263741,1.01251090328649,1.38999894999236,2.00955761094234,2.23973565102213,1.91958450909443,13.6109562178699
1.00030411117152,2.21739703617304,1.88110810001599,1.07550879083274,1.10199675029781,0.140342314601494,0.980492173143591,-0.82659440852569,1.49896804970345,1.44566877843031,12.8880547590305
0.095793174525387,-0.0746245518955693,0.852891962302672,-0.376917398047091,-0.705410069204369,-0.0406011851940663,0.0306992872986926,0.575263486888052,0.736691817096481,-0.745428906703888,2.696220029101
-0.613531888596897,0.0198685060848985,-0.432384410031802,0.300070663999312,-0.27023474042141,0.018999059618332,1.09957939145539,-0.499740402719489,-0.161207114894848,0.545121356327764,0.751190589580232
-0.934249351141293,-0.303347909541182,1.31706339659317,-0.00707278706791823,0.0984810101032976,1.33705190942541,-0.184924746625482,0.306647969765167,-0.873195636886782,1.72209369525968,2.94430840645696
-1.32409202135732,-0.55393407320963,-1.09627364262851,-0.812422865270055,-1.01649542540079,-1.35044885674985,-1.09855978571783,-0.727287655027246,-1.4769595634594,-0.660052148670964,-8.67978798777232
-1.58507500452752,-2.19785578913101,-0.757491304341196,0.531573878725981,-0.489565632882296,-1.730908199427,-1.66907126011513,-0.858162419685347,-1.51647737926711,-0.973981162906634,-9.05016553641889
-0.407734065323668,0.0133472974424116,0.657271119212354,0.776036300508828,-0.346988786511031,0.288150927297988,0.138137372273882,-0.626366457331993,0.474163186808961,1.44084957947065,2.94430840645696
0.47612211042213,0.0499253162235252,-0.415852745040039,0.754427322704605,1.31405933774794,1.43515256025823,-0.0877988383288184,0.890290497168747,1.22317908576999,2.47725134206892,10.2324794809917
1.84391402345185,0.831960123148479,0.110307980748002,0.655524028273858,0.863402319074609,0.211457586472751,-0.0685228934059748,1.10041342339372,0.198739237047653,1.84018657269402,6.38001942798738
0.0489677719311492,0.0462594399491502,1.43543228707999,0.362285601713252,0.771769120868659,0.118030839649499,0.444762818995857,0.733152115831376,1.26256829515611,1.70507610044739,8.11991949758089
-0.121838023089962,-1.35499149272383,0.761688939101,-0.209950225100497,-1.29637216352492,-0.639890669672856,0.408670575685623,-0.36506589917317,-0.72915586989297,0.104243833739895,-3.90536377416107
1.11824854747493,0.276954300288469,0.231398135484174,0.305671502385797,0.56234243864224,0.0283032218751494,0.6439196014855,0.304938766988395,0.105175234127424,0.780114290756019,4.99443148602615
-1.93157937328922,-2.65291401842138,-0.972222275018137,-2.06064585606298,-0.936456312880822,-0.687112348393753,-0.738202595509471,-1.46509359979792,-0.768210066690424,-1.43035996567547,-13.7299092590101
-1.64175265317839,-0.822850160218007,-1.34636567332028,-1.27349897536001,-1.39166153957706,-1.03329642972739,-0.546823221347222,-1.20075527711814,-1.38857258749508,-2.10555745095513,-11.1452115557209
0.522714324154577,0.206582987349462,0.242774009019427,-0.275166116455546,-0.502856448958142,0.469362726916937,-0.351579484735888,-0.518023685402516,-0.5450549954619,0.187653729379731,0.86846754381193
-0.0770333495494417,-0.0306762565526503,0.571442893241795,0.496231255460689,1.16348992395508,0.662355807890867,1.25000691349334,-0.54500864481498,0.105175234127424,-0.583657561799768,5.56186908071731
-1.56160210486321,-0.220112964846504,-1.54071504047693,-0.759638949763731,-0.208725881470626,-1.730908199427,-0.2123844313204,0.0154797140144221,-0.901147963402848,-2.25570281894521,-8.68220214017459
-1.66592832502531,-0.708418469329882,-0.705290969736048,-0.841261524074698,-0.91999552801148,-0.927454949844311,-0.641578354817393,-0.159427242705228,-0.478418537765973,-0.471376470081127,-4.58550912325812
-0.138901713664469,0.498481665215043,0.242569316781633,0.293291332693848,0.211011253835089,-0.126808776979789,0.87712424308946,-0.142066292545865,1.53706521021548,0.285972318002235,4.72956972050199
0.046142427098242,-0.140900520602605,1.33122316133848,1.42536770798859,0.591061494709487,1.34250897517467,0.262145373613734,1.13024744621544,1.24520309699637,1.17721684146764,10.1305528711841
-1.93157937328922,-2.65291401842138,-1.30112409329504,-2.06064585606298,-0.983225342623371,-0.972048846858151,-1.75432720665163,-0.68857816912239,-0.996591175070869,-1.93723355320986,-14.7073301947677
0.788662490798826,-0.308443517226361,-0.0100367529684099,-0.35031440620157,-1.05016987508394,-0.907860076932832,-1.34256896086252,-0.36506589917317,-1.98742477687059,-0.753335473713079,-6.46503990619427
-1.18119410294878,-1.12359467565916,-0.872463338068785,-0.965718922237053,-0.724418532404527,-1.48750804683962,-0.4684342120424,-0.926313264885375,-0.201900236923146,-0.416024509883413,-10.2929074853178
1.1021257582542,1.7970441599435,1.21555601201346,1.99570765041807,1.10199675029781,0.140342314601494,0.980492173143591,1.49729307687865,1.21381650844148,1.31579150391524,14.3970072882827
-0.440260662297994,0.756319560553443,0.0953040873281806,0.561951401639,0.588581811950102,0.631365096633292,0.888026814044039,0.388488300843018,-0.297206822430785,0.385901272657499,4.47882950010558
-0.0146882772340806,0.717430866655319,0.975276699530784,-0.290352178952295,-0.62000891682935,0.255390260836629,-1.08099268359785,-0.334295088449164,0.302764911865081,-1.46660563870947,0.13953414980989
0.426366455478477,2.00613314274495,0.560115046654906,1.39394003620329,1.34075598975425,2.80991803739634,1.35550021932604,1.48568521905292,1.9558074964284,2.12365017392282,15.9503536620837
-1.21603348157104,-1.12821511491166,-0.857581559204539,-0.358666858943127,-0.912868229612645,-1.37429477559437,-2.82339040921323,-0.394997815679626,-1.38438916379056,-1.32380636199928,-8.9597506632432
-1.51307356847542,-1.24713638733209,-0.867656012338461,-0.715785104067794,-1.09573851640685,-0.654217407712214,-1.24398858141463,-1.23057295498461,-3.61231437971482,-0.981966231049579,-13.0857705781457
0.672492019299649,-0.0382491532098804,0.31393419388395,1.90117043936103,0.354892049295367,-0.588888256432907,0.03967370118321,0.298197390812131,-0.315148936625263,-0.213087498512452,2.13447057352399
-1.64175265317839,-1.51462520044299,-0.240791530333548,-1.27349897536001,-1.55582221150183,-0.558229194715711,-0.273012022453974,-1.42774222774612,-3.61231437971482,-1.39003227053088,-13.7299092590101
0.50012040900037,0.460007527956044,0.258603441557041,0.0203922839725908,-0.363130518264615,-0.78399814691427,0.665337567143161,-0.589448950433165,-0.21579944725163,-0.142249111839673,-0.857801250194015
2.17737249161887,0.619801564761656,1.36668879874978,0.88434782096649,0.68110934547662,0.258550129118288,0.577250137089103,2.31849301838081,2.23973565102213,1.5831610189761,14.2153413977164
-0.542761143086539,0.298572815898661,-1.13275248679731,-0.27958483384995,-0.0674170289495647,-0.198048634116347,-0.891118232649579,-1.30150882782851,0.00113895897746809,-0.590873467291335,-1.85056794339232
-0.062388817063202,-0.207860305931271,0.956214453165424,0.105206176301304,0.786584353345653,-0.332565652816229,-0.536162507432657,-0.190188742738281,-0.281080222458446,0.659893782319654,0.139101804479456
-0.029353012862428,1.59895654878196,1.10969016868911,1.16988097262961,-0.0358697852549665,0.644460178934567,1.06496609184783,1.24528005501454,0.758501526090332,1.09672913540963,9.74341657691803
-0.00486961501967489,-1.63972987621831,-0.176091848077252,-0.662146497426659,-1.05018759725812,0.000640636360446264,-1.05170679464563,-0.395683629563152,0.491354550230023,-0.0862036730428354,-2.35616911135942
0.266115853452579,0.00749226535822098,-0.154967135148746,0.554422455700525,-0.545864393720937,-0.526176473227711,0.310449883174738,0.265139735414345,-0.0096419088462222,0.692378789958518,1.64292933664527
0.858040741706398,0.71359459914997,1.44144125907588,1.05201969114712,-0.246999215688687,0.832545690446917,0.943910190660379,0.428104019379784,0.383430489526833,0.836635641066031,8.25472047658085
-0.0507556501540281,1.63494636698944,1.71238390659923,1.72025249291687,-0.360907977830076,0.4554799897009,1.54050509024406,0.244129660218661,0.0715441198163538,0.697230823483544,9.49581636207567
-1.14372595784219,-1.93147805215172,-0.851539072154715,-0.0805008776062153,-0.133903565562859,-1.15328325121239,-1.06531711885751,-0.954148050327957,-0.957393421834513,-0.12585508812651,-6.62311561606047
-0.530097936639501,0.49420560402593,-1.76427151885478,-0.765815561091608,-0.730517755129738,-1.3756961742465,-0.976748717287916,-0.624195828517691,-0.450503852211355,0.12574039071324,-6.37738033885567
1.59339742777685,0.187071908335245,-0.62276856887328,0.12837844298494,-0.62000891682935,0.2246554578947,0.371333381307809,1.29758679169425,0.0679542418360603,0.712061933324675,6.22602205417484
0.431215268617187,-0.776676268722821,-1.51314792115591,0.105752045688419,0.0681081513159654,0.125655370732489,-0.730780651509123,-0.356581544129334,0.586009129678058,0.344856469503267,0.854152271837467
-2.11245013345269,-1.49370577882892,-1.87380843162753,-1.75671640749066,-1.56186461564375,-1.59542285198164,-1.14354277420995,-1.84318329211663,-0.236203896442452,-1.06526098890844,-13.7445780263685
-0.440683429823507,0.0215075016315468,-0.893310265297194,2.48182612147558,1.01632831449724,1.44388810097287,0.96914240464428,1.36264840290038,0.577413158720253,1.45655473010536,9.57775066971393
0.231364386682468,0.467749681666566,0.436739782558175,0.0751908654869071,-0.725434892235734,-0.47638687052953,-0.801545048403939,-0.0708431996101386,-0.171328825261093,-0.713150024116218,-2.80776830642485
-0.665273514042752,0.336074707801211,-0.565145394328908,0.621725521174215,-0.267556897690026,1.69575405698334,0.335769309512603,-0.816185130000735,0.521542468825816,-0.862707517675888,2.82015073916865
-1.87923062625439,-1.91887541961685,-0.757491304341196,0.531573878725981,-0.347880568408606,-1.75333997807631,-0.975766764687775,-0.817430912128934,-1.61108187439224,-0.317239764999853,-8.68220214017459
1.30223151476647,1.93177218144931,1.02528162985042,2.11557125294682,1.53002246337937,1.04344193986305,0.685155908986136,1.61474706112514,1.18518490358424,1.4125998965655,13.7157506684861
0.83167654127961,1.31009338994452,1.0768137515902,1.39394003620329,0.768026427859908,2.44746997994145,1.06336426247183,1.38543279064781,1.00876160728411,1.81902250969841,14.4047545946322
-0.805588502141386,0.397441453249146,1.43734351068275,-0.930028676926861,0.0615837735411236,-0.584373262749499,-0.697654586928296,-0.521059939185857,-0.303302200920196,-0.10626855229868,-1.57766105071299
-0.588721375869712,-0.566816110042233,-1.22669167798805,0.0695783971160948,-0.311004569822315,0.737329545240797,-0.227847212676563,-1.36358247205601,-0.999382808936911,0.283157768020819,-3.09981886887516
-0.993228032766152,0.255603517432039,-0.249528371622742,-0.876301990594824,-0.812266257277316,0.538729127242617,-0.277796818892062,-0.283905030895954,-0.790771140853459,-0.0134500957296907,-2.0569496419098
-0.923320227556693,-0.871956733881521,-2.10886658519826,-1.73629299625454,-1.91061609857125,-2.22778907492025,-2.03036723031875,-2.68561843886962,-1.37663816912881,-1.96558263924967,-17.4629582771644
-0.308324430010059,0.416745642820149,-0.425020787856339,-0.114306772176926,0.504006970943268,-1.04801430399116,-0.277796818892062,-0.348683478692761,0.38693098761728,-0.501915576770484,-0.73231055070804
0.177814847276457,-0.512234328691372,-0.315900148646566,-0.254044144202419,0.373632539665043,0.0843727732579983,0.558458347527726,0.170483544320659,-0.161901774862358,0.171919285042929,1.81427716832853
0.308178082454586,0.917691419747269,0.688341376357683,-0.88089326540345,-0.605080483320735,-0.24432030622972,0.042507923683322,0.0284856606661557,-0.492287429154905,-0.142249111839673,0.711949620732297
-1.79523167949439,-1.92894492169202,-2.35421620153018,-0.732810025284047,-1.65906068603869,0.0894505240339053,-0.184153666270074,-1.37431334088861,-1.45144697079082,-0.340321272478779,-10.1000523684042
2.13468205769593,1.93546500715576,2.77655998332963,0.986029261864004,1.33796172355956,1.37551220339406,1.70631637868567,1.84977804380604,0.98535060873677,2.12365017392282,17.9983057754668
0.0570218163527446,-0.805010709758529,0.679828472277057,1.02858678320575,0.285591112037143,0.408987197692361,0.104475751595687,0.578769335879843,0.732501418352198,0.712061933324675,4.71045944378367
-2.28376442270582,-2.10218032568568,-3.50137385071103,-3.13762099275176,-2.31352747563189,-2.66032359630436,-2.09654485038542,-2.39521063546354,-2.92396659583892,-3.18918848548443,-21.5500223650111
-2.16161977290708,-0.291903469272505,-2.71484151551967,-1.85621708741029,-0.240655878532391,-0.474766571248398,-1.83199983225472,-2.28523772730614,-1.05092371099305,-0.647249125489332,-10.8719124107961
-0.229943164812024,-1.01752822035168,0.135067097484648,-0.368689517236148,-0.694577053215208,-0.735923225549675,-0.466608877368322,-0.262765973776546,-0.122471915314935,-0.363781824063156,-3.09981886887516
-0.0399790061745131,0.806057629600431,0.0325661349130434,0.526130828784299,0.332785755076197,-0.189518799739614,0.0369745731417554,0.717898918752977,0.347162167453859,0.712061933324675,5.56186908071731
-0.4800169582477,0.0425016549669611,0.774163762825886,-1.07674709851709,0.350562090179366,-0.130024885004891,0.332606517832777,-0.499740402719489,-1.12556183334211,-0.450686508266108,-2.6820665218567
0.787328164159063,-0.308443517226361,-0.239764412211264,-0.164629582088447,0.315962583531433,-1.2120939993621,0.0679940741002044,-0.211668340198886,0.217421984870473,0.74783046320988,0.751190589580232
0.371105148158111,0.124969362364978,-0.533119941575455,-0.327103912673164,1.71834664739551,0.343245856052016,0.0349410698371046,2.36206248933348,1.39825250943768,0.256865354483056,4.71805925970881
-0.0552061824770206,-0.81215977853956,-0.464002050738542,-0.9558469149574,-0.590466217092046,-1.1721692552426,0.199880247918756,-0.637493627530122,-1.32281325622557,-1.44583981471612,-5.92564014240897
0.882748492948159,0.091697062162948,0.207292790158129,0.359726447167756,0.966721038469973,1.26567734169452,0.521340433622599,-0.0348954279568536,0.158534031405624,-0.729873605903252,4.60219126087406
-2.4014594406084,-2.19260225714913,-0.972222275018137,-1.47795232795487,-0.985244534576666,-1.78492846208385,-1.93825525401669,-1.82257866666375,-2.5330814064488,-1.96558263924967,-17.4629582771644
0.368910896286366,-0.203074534818202,0.0146934235769442,-1.36855812334275,0.79297477763173,-0.371863067255355,-1.20924928880593,0.273783487774147,-0.191589086727243,0.113040381296112,-0.73231055070804
-0.17832031320551,0.465557026679473,-1.01765002290634,-0.953809878221051,0.0861375161301932,-0.349831126466392,-0.216814837686648,1.24206971633054,-0.10155547366682,-0.245655638789535,-0.218806212016988
-0.563409235348605,0.30454913541791,0.154153672252447,-0.999780438941454,-0.331839595720771,-0.58915955369096,0.175228686685468,0.163989222984838,-1.44860684494594,-1.38023463161831,-4.16714815505797
-2.11245013345269,-1.49370577882892,-1.98664686221224,-1.60280589049438,-0.545012515649545,-2.22778907492025,-2.88028221277597,-1.32832606721465,-1.65265252816347,-2.2245201200963,-16.1690244480895
0.281468503364559,-1.09109815925584,1.04396762310771,0.147016566401428,0.504006970943268,-0.440136208150962,-0.511997982101103,0.265139735414345,-0.240800831838703,-0.174835890853918,1.92057984101734
-0.524167812152871,0.892892380032566,-0.769227597778299,0.406794104221766,0.371956368641669,0.901315452227521,-0.0382992952760655,0.757375024770279,-0.489359683907318,1.05347451783297,3.87939012488107
0.9559804616075,1.22768201995791,1.23898170713678,0.739556939526759,-0.168602190248096,0.754679082381284,0.577250137089103,1.02179554673505,0.733991310603984,-1.00280943573143,6.41325071714169
0.743196968769317,1.10336935232515,0.775000959770511,0.959802276362269,-0.114105385761783,0.509245936000404,0.647004223990072,0.541973133889122,0.234481764759711,1.45107267737291,8.75791776717243
-0.304452145023055,0.416745642820149,1.13643318058497,1.43393095014349,0.580728857900039,0.597718336846034,0.661284257200651,0.441100825575926,-0.30640124406544,0.854281445990968,7.28646768902104
-2.40071028572439,-2.44620898555433,-0.972222275018137,-0.732810025284047,-0.762775173269593,0.08649891178842,-1.24458551495051,-2.05109977389267,-0.444898856821065,-2.14092846258406,-12.1924063754678
1.23955992698755,0.808653674308728,1.36850718714684,0.279745349239742,0.318222772785057,0.873504085375287,1.09809505640956,0.244129660218661,0.681390491129844,0.41583473496493,6.38001942798738
-1.35880480882961,-1.65290612046933,-1.3349163124253,-1.82111143938617,-2.279642196415,-2.35673994660069,-2.608602802855,-1.32832606721465,-0.630265409474113,-1.1449920782935,-17.6016738447258
-0.489037932576414,-0.784502509577232,0.00778251502212974,0.455875269748048,0.179221114673158,-0.418998042228167,-1.13306151930971,0.411080607896192,-0.142440503931102,-0.644262040363984,-3.08003129613252
2.07982183236592,1.44807556162834,2.11467517213047,0.976827692427295,0.500070841929173,0.768784865580427,0.791095746364882,1.51103860775248,1.21381650844148,1.33451698365453,13.095528137858
0.0142512174157408,0.855394438558458,0.691439008495767,0.726583193427874,2.4803965625589,0.332602244284184,0.606757873084195,0.718941047938386,0.745783547245043,-0.591956507984059,5.29153935200801
0.699429153723498,0.336085326324398,-0.391226091260158,0.566234442791692,-0.605080483320735,0.629278976299942,0.0863094290726382,0.653746275748637,0.888559485402469,-0.643824826393634,2.2331774393831
-0.714389226313712,-0.53442536644909,0.886492961385605,-2.34399676026676,-0.485351572511398,-0.512110198588858,0.384982696568627,0.201570480851593,-0.448618954555134,-0.526903145465418,-4.90560792543703
-1.43837638342602,-1.29483646384623,-0.65043563083846,-1.5173532255619,-1.55582221150183,-2.49428734861801,-1.42862333294772,-1.80890652096614,-1.098734481211,-2.79677141620593,-15.2028500161791
-0.730677826204129,-0.613046925609553,0.424826885982022,-0.898717481718354,-0.323121149293835,0.0385059757045862,0.552225011672397,-0.304582984774815,-0.142643359509253,-0.613263395130502,-2.79220504733247
-1.57806209275802,-1.24700486061442,-1.31709168298218,-0.0805008776062153,-1.95740653519344,-0.0823639970939183,-0.767944099744179,-0.730707122117367,-1.87682856634744,-0.491347099140588,-10.6047517271385
1.13467291602309,0.54023114926966,-0.749951506535861,0.0203922839725908,-0.725434892235734,0.827828629609823,0.520718853774013,0.184620061163738,0.888559485402469,0.306977549247161,2.53279471482504
0.50566641596822,1.29853049178594,1.77432001622852,0.633097068882553,1.0345504715323,0.332602244284184,1.16529198971967,1.32234546945152,1.34055065517355,1.43741652978853,12.8806303205589
0.672492019299649,-0.0382491532098804,-0.396364303860964,0.431165849939567,1.13726168692363,-1.0808328848649,0.191500006392161,-0.960420468283106,-0.680015039304955,0.390194589755542,-0.0639167162440132
-0.112672390103847,0.0156106642484875,-0.113160283033654,0.147016566401428,0.817932088784219,0.899466255352193,0.648091828107434,0.507344800239251,-0.303764567393865,0.0712824216469375,0.73203885909275
0.0142512174157408,-0.510235206138739,0.547365650104596,-0.114306772176926,-0.155768615035673,-0.678846253538029,0.558458347527726,0.401881403641658,0.219462003949383,0.323642294932645,2.07595945721223
-0.44480292343283,0.389012803976959,0.615792783655976,1.07544865591283,0.966721038469973,-0.526147724346464,1.22955811115427,1.42786055745854,0.508713444743619,1.26175501897269,7.73805011043522
1.09409030351941,0.521742375426179,1.16663734108063,1.30035303351327,1.29108935915445,1.1460245944731,1.78758059620896,1.09718727684977,1.54063708561421,0.82543068867334,12.3777444403364
-1.5508330252175,-0.220112964846504,-1.13227924161077,-0.209100985194794,0.0747705955951534,-0.690116246716285,-0.946055878993384,-0.439741544791368,-0.346730120423356,-0.646875750266867,-4.48294770904573
0.0626010401197451,0.00155058272638247,-0.484680194756176,-0.127219383528565,-0.883809258119044,0.0895892235018959,-1.18630282343779,-1.13562919562432,-1.98742477687059,0.296284817150341,-3.26664445829155
-0.612094983549118,-1.78584342211156,-1.15814481879346,-0.950397762664944,-1.09396538117874,-1.28890590381895,-0.754515786442346,-1.42459103732353,-1.51647737926711,-2.46801742087876,-11.4520961221787
-0.647884729274606,-0.387660878130737,-1.41022130059153,0.0695783971160948,-1.53836647879995,-1.12010013766675,-1.14203229201875,-0.672253584679388,-1.20069006594798,-0.470420479823425,-7.72851475160906
1.09409030351941,-0.0100775933563476,0.971669660642482,0.0232585527365712,-0.649937854884762,-0.24926163946622,0.760064579066171,0.760190492390997,0.455161057551002,0.328230694310169,4.38284626457571
0.965184200347527,0.205347488864523,0.927076930967362,1.45368083346538,0.569395448943043,1.01821181468544,0.144217836995248,-0.0580055100781107,0.853524326443488,1.70507610044739,9.8393054012985
0.368910896286366,0.124969362364978,-0.135499349955925,-0.0205156565180743,-0.475432487319004,0.635465323585795,0.322680628373099,0.511901748445156,1.11354585466143,-0.729873605903252,3.80058741464496
-0.953862279880182,-0.901712499548365,-1.24861943028372,-1.79229422701507,-1.5987076887168,-0.558229194715711,0.847624695793725,-0.815845592444519,-0.734067010352733,-0.561412994818235,-7.72851475160906
1.36377688310821,0.604316670491024,1.06236635738362,-0.534318334338677,1.10298059069385,1.07079583701833,0.494349855383018,1.36111817391284,0.758501526090332,0.19369594256935,6.92104375216644
-0.0789529519840254,-1.03830642542909,-1.21373248343622,0.478122685334991,0.168107802603833,-0.307872713699207,-0.32937843839305,-0.710847922103811,-0.65453339564287,0.414082916249798,-1.54641080828328
0.637997755814034,0.593848500507817,0.533990914734029,1.81219410349158,1.26673339811059,1.71126026201245,1.54050509024406,0.0538521307070284,0.90422472387106,1.403794719672,12.2395302536865
0.870600642829274,0.412463092524804,0.80786688134101,1.33421382819311,0.547602124630677,-0.772651584102413,1.505075439628,1.00271432748031,0.481055038443531,0.256865354483056,7.73805011043522
-0.112672390103847,-1.35499149272383,-0.372562442232803,-0.492725171133718,-1.19296677137996,-2.16670937044037,-0.839510043670077,-1.39337240243362,-1.61108187439224,-2.38813240346438,-10.8429579310341
0.884378227931048,0.091697062162948,1.23037855954669,1.45368083346538,1.45442443652004,0.519272542592311,0.535438150845507,0.53648246419999,0.745783547245043,-0.591956507984059,6.62604355750713
-0.316242076042066,0.61736340424446,0.919594490278607,-0.608672499682215,0.197994243430429,-0.455960888238052,0.0875394036493433,1.04545966382319,0.159508886715788,1.08348385113318,2.91074989434021
-1.4885575448665,-1.31026794892748,-1.3141298170416,-0.520789257433835,-0.465084570300977,-1.35044885674985,-1.23008905518589,-0.526029518968238,-0.283189505381,-0.394833619478229,-8.24323610962137
-0.936784616328343,-1.60005046950667,-1.45731892308071,-0.120387561746047,-1.85252186233022,-0.885477492478853,-1.66907126011513,-1.41444487635362,-0.431786200008432,-1.51387625863008,-9.41436205530735
-0.0398140324432692,0.806057629600431,1.23162185414446,-1.02293947453402,1.11914359721791,-0.599729860715727,-0.536162507432657,0.511901748445156,0.159508886715788,1.72209369525968,5.34406430807796
0.971319269260314,-0.11016215198286,0.675655589760242,1.19610854171913,0.82116612133312,1.07079583701833,0.594522687679072,0.718941047938386,0.0384060218868948,0.406782552787048,9.76704062856266
-1.4885575448665,-1.50120778928285,-1.24255385932439,-0.535379282481727,-1.55582221150183,-1.22981521508421,-0.894705940104335,-1.45941291370057,-0.431786200008432,-1.39516624000669,-8.9597506632432
-0.147555033069001,-0.859218078278075,-1.27807316817314,-0.763657173676672,-0.60351940089206,0.000640636360446264,0.0942241328267552,-0.161675816832167,0.404873669819137,-0.96274712360338,-5.06433422749841
-1.32409202135732,1.17646926394163,1.13643318058497,1.01480269114461,0.390352181485198,0.343245856052016,0.454687171894048,0.715677997806143,1.19864509348922,0.492859112385719,8.07295571166421
1.49645345104524,1.12380485340783,1.36668879874978,0.911353430429379,0.68110934547662,1.15877251948643,1.85280421585733,0.658053746255468,1.35407581214668,0.828338545867075,12.8362550652328
-1.35880480882961,-1.48805837465725,-0.584173444211495,0.10364796946773,-0.378739464313853,-0.916768183067225,-1.46532464923385,-1.39337240243362,-0.115666557991873,-0.790359441313208,-5.754981440585
-1.70740491145329,-1.18525512188567,-0.413318782982466,-0.905655935871274,-1.36915529080822,-0.620893966762036,-2.01441021037217,-0.526029518968238,-1.38857258749508,-1.49930925914568,-10.5247382092342
-1.07507150608805,-1.15191444599368,-0.155190753335093,-2.12509786774966,-2.27146239505204,-0.593614302710311,-1.547289147742,-0.58040078012342,-0.652467598072384,-2.08163691899077,-11.9005818771142
-0.0425953692195794,0.616306822471226,0.359073290010334,1.0803596801926,0.75486346662779,-0.674044088778628,1.01908693458509,0.715677997806143,1.53035539693742,0.653155825583956,6.94788462718885
1.32249825579496,0.908458342991767,0.556301750253044,1.16917942866722,0.935604767706376,1.71126026201245,1.84835759298085,0.25465147540712,0.696219780407747,-0.0235279936832812,8.62958404783503
-1.1751111526319,-1.12359467565916,-0.872463338068785,-1.12806672138554,-1.95740653519344,-1.43933798364631,-1.54297748575612,-1.13576437338925,-1.96524890835145,-2.03348765831973,-14.7807690198417
-0.212373739541564,-1.58528378240305,-1.96602346576485,-1.5173532255619,-2.10877569218708,-0.593614302710311,-0.441913045281926,-1.76904526583768,-0.66475322003819,-2.02172524361289,-12.7386210973485
-0.0857442304759119,0.705354682010186,0.513725887705808,0.0751908654869071,0.346725408781373,0.408987197692361,0.0717179754872413,-1.11436020187097,-0.685622361118745,0.86770677976133,0.739198652851326
0.536134323565341,1.30652825089738,0.974792620888324,-0.223781679271479,0.383025646913149,0.930538471521021,0.458261395523678,-0.55521497837959,0.49705045929748,-1.46605495545513,3.57934903298088
2.07982183236592,2.36154928895596,1.39172349065227,3.17058114047912,1.02175926943904,2.0091271101167,2.28276895630283,1.15889631192999,2.98168392082515,1.93859425398575,20.593729654909
-0.433088539479799,1.11598815414019,0.860773537498912,-0.0192004242391641,0.327523925248264,-0.658441163593787,-0.245190561564456,-0.589448950433165,-1.35062249859248,-0.380559137079033,-1.17639821338763
-1.14304828144278,-1.93147805215172,-0.851539072154715,-0.520789257433835,0.0573892751961048,-0.837674114739945,-1.09855978571783,-0.159427242705228,-1.3783027355201,-1.38535859528296,-6.40121763178311
-0.290389085185351,0.000433283045545874,0.292660032393289,0.406794104221766,1.1340024023519,0.341053646107308,-0.0778610118931342,0.0674727014809725,-0.985024378088945,-0.883115548029865,2.57671794511457
0.882748492948159,0.091697062162948,1.26648250234861,-0.480703849731376,-0.373079917246898,2.09324088941248,-0.194036268297278,0.9678474518565,-0.0496224596989972,0.348519754794038,5.226531009061
-2.24878230851749,-1.36216538217626,-1.02867004480072,-1.85621708741029,-2.48955240592811,-0.902388484142725,-1.56338991600043,-1.59349162468797,-1.65286315882971,-2.68912962597585,-15.9802817818366
0.988005998191455,0.996299628835029,0.754184731266329,0.299942538123769,-0.356529287992292,-0.0287276565358643,-0.0124321983786691,1.12266198305104,-0.124874775817205,-0.0645704174453506,4.38284626457571
0.672492019299649,0.301061817839596,-0.35578238505608,0.213377565861226,0.211011253835089,0.371214715556786,-0.682175859192255,-0.183360219804491,1.27434488481885,0.873906092052309,4.79665838675762
-0.308324430010059,-1.30566862384652,-1.93540160902693,-1.84239717982434,-2.55456358400486,-2.11105792383586,-0.826576202387576,-0.760327808592678,-1.5467749729404,-0.981966231049579,-12.1799954404069
0.426366455478477,2.00613314274495,0.560115046654906,0.46594672777447,0.935604767706376,0.840851257656272,0.955194767788483,0.658484625218466,0.44220662374559,0.324085241443193,7.96949337551244
2.03016492363903,1.93319586444117,2.86118420215443,1.47812616735512,1.07648705308964,2.19679833246037,1.60962865956351,1.15889631192999,2.44647942795798,2.20766410331409,21.1782419376814
-0.910015037498857,-1.24739618209837,-0.847780792505906,-1.28467736675819,-0.0609623163365885,-1.14991907436655,-1.66907126011513,-1.84691877550123,0.101799416001128,-1.0368226450316,-8.68220214017459
1.23955992698755,0.808653674308728,0.974792620888324,0.362798201127616,-0.647595473232493,0.450957806719682,0.343045894682014,0.441100825575926,0.105175234127424,1.14199859095261,4.76527961104072
-1.57806209275802,-1.24700486061442,-1.31709168298218,-0.155737963790879,-1.02901534396606,-1.28890590381895,-0.330778522881269,-1.71522670212945,-1.13115185256352,-1.03556897462009,-8.72972436243248
-0.149974078296468,-0.859218078278075,0.0428893531585157,-0.443428376127609,0.47748337143241,-0.451268729566203,0.123137688597588,1.23090974340438,-0.381286328779206,-0.883115548029865,-1.17639821338763
0.242327842975481,-0.563411822305547,1.23977665128286,-0.906494107368376,0.0984810101032976,-0.0377763551086868,-0.895112147562335,-0.26146790462662,-1.03261493682758,0.414082916249798,-1.17639821338763
0.868916782140194,0.091697062162948,-0.088227403620183,-0.275166116455546,1.13726168692363,1.11828510400472,0.7933464020821,1.48235664359714,0.386194104668403,0.406782552787048,5.9690413180408
0.177814847276457,-0.512234328691372,0.920404620464473,0.860248304126636,-0.571792352475837,-0.314773672276621,0.982293183808626,-0.621211331782121,0.415668337430294,-0.205387420646493,3.50761637297933
-0.602866643024093,0.602900457388851,-0.351421979329047,-0.870194933907994,0.548467763004134,-0.114299161836513,-0.728925120207862,1.23090974340438,1.46441798632599,-0.848318897218513,1.81427716832853
-0.691732487127829,1.45416482910678,1.36246238670049,1.45368083346538,2.17698785605411,2.80991803739634,1.35550021932604,1.51103860775248,1.24976953821354,2.02520912119929,16.4702643783862
1.7024594356304,0.119347436262969,1.49830777560901,0.669425147837767,1.87784237912942,1.21412758024332,0.709919343700347,0.0759786156541028,0.0304810184870027,1.78735121401723,11.987959494808
0.197705989953098,0.0370150342709291,0.43192163827747,0.0443478211662426,-0.557757622974252,0.127236541636938,-0.321121198062402,0.561002134156596,0.474163186808961,-0.292653121546988,1.64292933664527
0.046142427098242,0.278405782581057,1.16471048883428,0.185656999466037,-1.87054977316451,-0.98928262746972,1.10255046783249,-0.245724796568256,0.217421984870473,0.833983455669896,0.37453031806401
0.50012040900037,1.08050832301889,1.60182737385549,0.362798201127616,0.612582038937684,1.07931918887552,1.06496609184783,1.27465749099629,0.943053615992231,1.26512000787768,11.7771702509702
0.319395278435695,0.469216653551233,1.34608293791039,0.333930399608011,0.466020711394113,1.26567734169452,0.721539575352965,1.01383368222532,0.198739237047653,0.836635641066031,6.9429668344067
-1.67502896532064,0.0870833680907605,-0.164392382093365,-1.64210126320127,-0.867529669566293,-1.42840914693024,-1.39097554981693,-0.926313264885375,-1.13115185256352,-0.559871523118291,-8.83755862863011
-0.729459125683853,-0.613046925609553,0.79595910248001,-1.49017611944738,-0.633507990487024,-0.237757245806621,-0.683619174887492,-1.01332524934241,-0.346730120423356,-0.722098103778379,-4.24687984218168
1.00030411117152,1.87748864069841,1.10908647081269,-0.0854665162636685,1.30492648081842,0.332602244284184,0.967184698189394,2.3298293174584,1.01801040899367,1.14034100876705,12.2395302536865
-0.0398140324432692,0.435913781574221,-0.135499349955925,-0.38150574338605,-0.0802522025874949,1.23247957710728,0.188928259767503,0.10946858060075,1.1656814599539,0.75570235511494,4.53087054963726
-0.370995764153559,-0.934307559698142,-1.54382346862664,-0.867374773096115,-2.0701523984751,0.0981589638584663,-0.911183065370878,-0.782995295398867,-0.388536243224414,0.245819076424772,-5.92564014240897
0.988005998191455,-0.27202502153972,-0.120030630713122,-0.376917398047091,-0.410370221398715,-2.43535670550772,-0.333916490750451,-0.963395438199184,-0.122471915314935,-2.25570281894521,-5.50065816226195
-1.6798068297189,-1.12852724472923,-0.847801063496166,-1.57227773844655,-2.17544641446674,-1.05576558933579,-1.23678587651369,-0.89314915117805,-1.0126760783579,-1.21772839972897,-10.1604265204823
-0.0789529519840254,-0.0306762565526503,0.89070395732289,-0.173682788243178,0.296106057998053,-0.0137440044844735,0.37290764452305,-0.0827498588452362,-0.415008746529556,-0.497615180989114,1.45747757736061
0.0398151413975692,1.10015549211989,0.594056544792959,0.634526983605421,-0.325402146300669,0.812669678027468,1.5617793653335,1.00271432748031,-0.0762272850895733,0.864281877865033,5.5557303058604
-0.121838023089962,-2.01312855977395,-1.00275335283577,-0.965718922237053,-1.09573851640685,-0.697824021090022,-0.946415849757692,-0.180588776614989,-0.289825242121086,-0.868937585750492,-5.7710052929527
0.613458757102374,2.26754852184943,0.708739799348916,0.818473382951602,2.32903115257119,0.768784865580427,1.84603759684279,1.38543279064781,1.17333141810928,1.81902250969841,13.3219023791223
-1.52736936884206,-1.81369640876569,-0.442256898866907,0.291683847332315,-0.887424852371526,-0.777997290657907,-1.02100534005387,-0.972718967817985,-0.388536243224414,-0.470420479823425,-9.48486878269124
-1.31643351135055,1.17646926394163,-0.425020787856339,-1.29313071906847,0.458495197669627,-0.58915955369096,-1.51413581393199,-1.05558542661739,-0.296716701145888,-0.450800884263671,-4.82830576938501
-0.935001284953219,-1.81523340267049,-0.837888563422582,-1.57227773844655,-1.48540757951956,-0.558229194715711,-2.00013046089658,-1.37431334088861,0.29558009860036,-1.4535076765319,-10.637189849149
0.169564358859212,-0.102341233489777,0.576013640051441,-0.31699731184265,0.124127837217846,-0.133392014136025,0.124706864046027,-0.582757766121547,0.084623201491894,-0.501915576770484,0.86846754381193
-0.536184505928654,0.662721125826737,-0.805007822068813,0.9882120998964,-0.678690129601375,-0.380528220206042,-0.875229189481788,-0.2021290695785,0.173828527460573,-1.4481977334885,-1.00240941999851
0.9559804616075,1.22768201995791,0.835116420928589,0.380367968157152,0.815273437936059,0.840851257656272,1.09809505640956,0.244129660218661,0.0715441198163538,-0.779465196453897,7.28646768902104
0.637997755814034,-0.237955920805841,1.02575894160298,0.580595364164513,0.55772382786839,-0.183602599736847,0.914555736430388,1.12266198305104,-0.0303397210566709,0.599414028401995,5.45020524659513
0.478758225143956,-0.18581938226064,1.13643318058497,0.784316149236405,0.290873274327068,0.565300666973545,0.207542541631008,0.567159152208108,1.19864509348922,0.530439450273824,7.29797092374364
-1.41868934454599,-1.63513081376024,-2.03699371345269,0.531573878725981,-1.7141406147771,-2.34176019091873,-1.86553598275469,-1.67578139077829,-1.55072556744706,-1.43035996567547,-13.1678651290777
-0.540918251142235,-1.01977725766234,-0.553618702732859,-1.35645370077647,-1.12782886203923,-1.29193845797613,-1.99861669723639,-1.03380612170699,-1.38857258749508,-1.54310586335277,-10.1000523684042
-0.0657988343454724,1.09211388098795,0.515370781207048,-0.969313286539535,1.14133750019314,-0.332565652816229,0.104861030180514,0.0979777876942338,-0.136508655829962,-0.241700102430555,2.09999843969678
0.743196968769317,0.160228324811317,1.89124670812217,0.319664206351542,0.211566745541412,-0.142143872399936,-0.408437605362853,0.733152115831376,0.0125950978075795,0.832988355707269,5.58654436707984
-0.25220710751289,-0.30788742471865,-0.178374081190865,-0.564135431696904,0.0840820064774265,-0.670270755989865,-0.274169485021933,-1.36358247205601,0.404873669819137,-1.61337643609591,-3.3664219498862
0.868916782140194,0.71359459914997,0.0850778805744975,0.578810989633696,1.30540070162669,1.56720231998563,0.315648412592762,0.624245442448399,1.48902942406485,0.21748072069654,8.67415500097743
-1.94745546592709,-0.651151624035886,-1.00275335283577,-1.73629299625454,-0.993205503806327,-0.558229194715711,-0.370974640574557,-1.23057295498461,-1.43533806142209,-1.51387625863008,-8.79856579823883
-1.12827962032667,0.836022811925078,0.852891962302672,0.105206176301304,-0.182224934726819,0.127236541636938,0.0369745731417554,0.08746670845032,0.638839947779489,-0.345823206367674,1.38753751824821
0.336045529301529,0.0403960995478572,-0.239764412211264,-0.49359037317273,0.504006970943268,0.0383983491249129,0.191500006392161,0.945348064843128,0.319468943035052,-0.764052939174708,1.64292933664527
-0.416896533959055,0.225186754942854,0.330205477708556,0.776036300508828,0.866866483653323,0.827614875051887,0.525322169310701,0.44989003962352,1.19312548192914,0.757193414673373,5.9690413180408
1.31871941493345,0.142594325810978,0.594056544792959,-0.944843698872621,-0.839542381295402,-0.998589996568814,0.558458347527726,0.294172772766799,-0.688218784918499,0.0320142609254438,1.58988053241412
-0.078292870916072,0.926468757296759,-0.21059493197849,0.526948927923458,0.28575738887774,-0.567546844634086,-0.711143091081215,0.23339236137694,-0.680015039304955,-0.0810322822046624,0.711949620732297
0.368910896286366,-0.203074534818202,0.0146934235769442,0.554422455700525,0.181092125303325,-1.17380024901619,0.598390360353299,0.520667479466347,-0.0519679788629033,-0.696919740870818,0.751190589580232
1.08034584393402,1.92402221637243,0.708739799348916,0.840799579438678,2.32903115257119,0.140342314601494,1.16272190517177,3.31771800781127,2.19842010459997,0.956484096623908,15.4006592261182
0.878458719080404,0.412463092524804,0.80786688134101,1.33421382819311,0.900299202309888,1.01251090328649,1.45842189567606,1.32234546945152,-0.310517046769768,0.927294134081894,7.6334200218545
-0.268916400099207,-1.9028805130331,-1.04781914617681,-1.84239717982434,-1.01868860752054,-0.765983292865815,-1.23678587651369,-0.818074447610791,-1.69786052087244,-0.964903723973357,-9.41436205530735
-1.21603348157104,0.721933494412195,-0.390342844166985,-0.455299335346835,0.373632539665043,-0.600678060735737,-0.748618428276451,0.420262830937237,0.716371336572992,-0.0600992091965412,-1.88578771410275
0.609363888919963,2.26754852184943,1.51905762053891,2.11557125294682,0.500070841929173,2.70499314486313,1.74248477015108,1.84982181379854,2.17261301499108,2.77920829008232,18.9014546360191
0.845381425246887,0.51786809221145,-0.824774764168949,0.0895737945628786,0.00147106977216482,-1.0423363583283,-1.18630282343779,0.275820209980042,-0.391585131187938,-0.272912997464671,-2.6430375237147
-1.9134881307625,-1.91887541961685,-0.757491304341196,-1.81541948570759,-2.28790717168652,-1.98133345813624,-2.68478641648359,-2.98061402276994,-2.27719890247462,-1.70809590353278,-19.113372777669
-0.982653807123954,-1.12089660471022,-1.80364714802867,-0.715785104067794,-2.27146239505204,-1.42406509917452,-1.91485555952731,-1.86500031177856,-1.31981154660729,-1.75996882824979,-11.3296113604938
1.07739224267576,-0.108661778452413,0.0422459970085263,0.181626074487304,1.11914359721791,0.689618095695947,1.22955811115427,-0.249634414552692,-0.220146834587721,0.0173424121543444,3.87249805304847
0.0621989059048494,1.25634982385249,-0.40102756283105,1.32851579950679,1.29831735197651,0.754679082381284,0.0399568247280533,-0.0942847000059305,0.158534031405624,0.631895306463861,8.12759949122435
-0.881974828025457,-1.54817624555738,-1.72725174762381,-0.73973207369452,-1.55582221150183,-1.83566241693129,-2.60297024693355,-1.80890652096614,-1.351207923425,-2.68912962597585,-14.3930781856543
0.0489677719311492,0.278405782581057,0.312313880855894,0.780750545462385,-0.363130518264615,-0.395472210810956,0.9996597706864,0.696659629967694,0.145691530645818,0.945669872488579,3.35168029073515
-0.665273514042752,0.336074707801211,1.65851656213215,0.526130828784299,1.60136098580659,0.91063689693152,0.0399568247280533,1.80128011770136,0.627329506901681,0.0641700302099787,8.72707935448261
0.512960126892898,0.269173100126669,0.436739782558175,0.473850004437218,-0.235129895391763,-0.796896008284054,0.0351183140994874,0.0862039843722624,0.102751073097646,0.773738868518636,1.69211181529141
-1.35880480882961,-1.65290612046933,-0.837401675131677,-1.27688843543266,-1.73596421317961,-2.29817623421026,-0.137940031335684,-2.28523772730614,-1.4705680849348,-2.79677141620593,-14.7748930675197
1.39516486224458,1.32669958566776,0.560115046654906,0.970535068533154,1.38616353964092,0.600719562880786,1.16529198971967,0.0146545734922119,1.34055065517355,0.599341335553829,11.8732624920373
1.58706997667958,0.976915438425598,1.53563528368999,0.911353430429379,2.32903115257119,0.272066679921105,1.03872802255883,0.25465147540712,2.27519422571341,1.28721899513088,13.8870194715904
-0.253696508632187,-0.951330768649287,1.17326635638566,0.153975621543525,-0.201684814618222,-0.351270715688199,-0.590308667578768,-1.33470855884493,-0.892125392682942,-1.39077084884959,-2.63682206811134
-0.819684291042126,0.738623320742993,-0.737017412448441,0.302087528148339,1.71834664739551,0.372344856536401,0.0649597815260602,-0.109168150913332,0.782063538508857,0.363021555956577,5.00304484310321
-0.112672390103847,0.0156106642484875,-0.625749833146954,-0.909636487787481,-0.604319999260513,-0.899083455215685,-1.63760759630047,-1.22837587262994,-0.450503852211355,-0.06578997439598,-5.50065816226195
-0.342805425309026,-0.823993567336005,-1.02762911187974,-1.45147984322155,-1.65095212004841,-1.3664080547211,-1.547289147742,-0.818074447610791,-1.15060484363338,-0.657716511731513,-11.4308410016355
-0.381597437363109,1.20745501852056,-0.105734467166793,0.526130828784299,0.00452441547575179,0.247706979237723,0.213323989356026,0.202060067998479,0.571072012541345,0.296388744217512,3.93072523492924
0.930767750949194,0.0117125620655136,0.975276699530784,0.552087073555367,1.01167180881809,-0.384506357016719,0.771366612508579,1.13687086667623,0.234481764759711,1.78735121401723,7.72931319010413
0.207933882405077,-0.906651745663822,-0.136605420634008,-2.24421588854494,-1.07184700931933,-1.12010013766675,-0.603067454667753,-1.62709144466693,0.427432315170764,-1.49930925914568,-4.78584544215097
-1.34254672460842,-2.33239405796118,-0.124506024666239,-1.86178152334945,-2.279642196415,-1.78492846208385,-1.88238353877693,-1.59349162468797,-2.01337099891984,-1.51282250160004,-14.3797409164197
-1.57806209275802,-1.24700486061442,-1.857424309105,-1.18028821952871,-1.6697303960153,-2.70697117109621,-2.41408867387758,-1.17423353642192,-1.50149410568838,-1.48412930987783,-14.3797409164197
-0.787210458122274,-0.214917398318412,-1.24550426733151,-1.5294465773075,-1.20201419504144,-1.41691609089439,-1.11658183594092,-1.42774222774612,0.431710471628963,-1.97473248355455,-10.7373560437448
-0.839158845767175,-0.0892813011307141,1.00379077899238,-0.850289162588772,-1.00560800393682,-1.87727378568602,-0.816418383687284,-0.85074195790274,-0.901147963402848,-0.683756982726884,-5.64835946966111
-0.257206364856837,0.773336703866763,0.260774823149955,-0.280565999800812,0.247347630626462,-0.277947074051281,-1.47341795065433,-0.964037845044285,-0.0729686052015328,0.461510206810325,-1.88578771410275
-1.57806209275802,-1.10967004926589,-1.70131081056021,-1.86178152334945,-2.54967753176876,0.201630512544806,-0.651469112559542,-1.603845289784,-1.0126760783579,-1.13587948259395,-14.1195645617337
1.78424167339825,0.897341855639096,0.110307980748002,0.406165604373,0.90343655845645,1.92112954303664,0.356727419506567,-0.1634219107529,0.440752634836777,0.599414028401995,6.38001942798738
-0.0959764225455967,-0.239464899387276,-0.893310265297194,-1.2257488162357,-0.633507990487024,-0.690116246716285,0.474070454599412,0.201570480851593,-0.74752540491525,-1.10619604608243,-3.26664445829155
1.22354333161792,0.808653674308728,1.12611082042501,1.20149574694156,-0.0646260358382928,0.824373451112282,-0.325947067270821,0.718941047938386,0.853524326443488,0.867523842600341,6.86306748312832
1.1021257582542,-0.0100775933563476,0.258206453245759,1.33591260850736,1.84471194187187,0.335887052382281,0.575603923229308,0.718941047938386,0.0715441198163538,-0.176028833333214,7.55271028292653
-1.14304828144278,0.517721335523148,-1.26325930105888,0.105752045688419,-0.746771607300169,-0.171389398286113,-0.858368729066833,-0.516129075845622,0.375587996688999,-0.0748356927596771,-4.41187707338595
-0.894635147514999,0.768607022959631,-1.76427151885478,-0.170270967357681,-1.48906456987921,-1.30090537603192,-0.927550245731932,-2.11220211838056,-1.60263364478236,-0.322559088523196,-10.8389574982351
-0.839158845767175,-1.36320727531521,-1.16810871611902,-1.22805764654631,-1.18454366340938,-1.27871506751728,-1.52884876764244,-0.996644166893157,-0.984376454034333,-1.21772839972897,-10.1000523684042
0.217697201023155,0.771405876366938,0.140759733229958,-0.116136567683165,1.31023791105262,0.450957806719682,-0.475831212672996,-0.301734909163838,0.699577478190685,0.384177434676211,3.70982943508031
-1.58292726182959,-1.24700486061442,-1.857424309105,-0.716337257915583,-2.38830966013933,-1.99314167253743,-0.900903378514147,-0.888474064369231,-1.5467749729404,-1.54310586335277,-14.5357263460651
0.333469660567592,0.961498008056202,0.49175903648302,0.578810989633696,0.675808551462757,1.22405694162924,0.661284257200651,0.345782678190935,0.587133120757397,0.41583473496493,9.253413649843
0.870600642829274,0.412463092524804,1.59691684699265,0.937515761090924,0.949709512738084,0.32077966417627,0.81199396468371,0.719399736643131,0.577413158720253,0.0805813157196185,10.6375775206826
0.207933882405077,2.43698498996404,1.69766196238153,0.998983284205091,1.04672537121639,-0.57197539234361,1.78758059620896,1.3009546942348,1.15993635326218,1.70310434677611,11.1358010595958
-1.57806209275802,-1.24700486061442,-1.857424309105,-1.18028821952871,-1.6697303960153,-2.22778907492025,-0.616855352737334,-2.78755067119291,-1.351207923425,-1.70285981038208,-13.5585102453689
0.858040741706398,0.342660924253854,0.492660653614609,0.915541507568962,0.222184584765722,0.557064020432204,0.808345751549194,0.966087433240063,0.381055760690191,-0.729021518741646,5.34784916654201
-0.602866643024093,0.602900457388851,0.404499290628767,-0.15499703554666,0.488494576251968,-0.277947074051281,-0.150242228403265,0.23339236137694,0.244475791595513,-0.18226548703451,1.36245642833107
-0.935001284953219,-1.60005046950667,-0.273228450195629,-1.28467736675819,-0.0609623163365885,-0.459156116241657,-0.888569775540874,-1.15151350077984,-1.18023365773782,-2.25212861745251,-11.0715876357681
-0.839026308328418,-1.36320727531521,-1.08712573949662,-2.70054550076863,-1.15918648934006,-1.38872255913453,-0.846706207700967,-1.10613208206688,-0.832167028323973,-0.556439289028,-14.9210825923012
-1.0897220578144,-1.15191444599368,-1.24335702910044,-1.56689186743602,-2.00808355612326,-0.561830097041734,-0.894705940104335,-0.623455413848107,-1.38857258749508,-1.39516624000669,-11.2463839990431
0.0661399520858029,0.00155058272638247,-0.737818862379308,-0.333542337100593,0.241260184720631,0.686012110088156,-1.65630570471271,1.39470604609275,-0.0513792359193203,1.06915592092891,0.37453031806401
-1.44783074970471,0.546050820456684,-0.676832675723756,-0.338401473786816,0.316576150659417,-0.368340798683158,-0.321975870349849,-0.956164900169826,-0.586432305957068,-0.219852711753146,-3.41827533856007
-0.749044673624984,-0.606592906427097,0.424826885982022,-0.822966117241653,0.408461133180878,-0.760585957684606,-0.328508145666818,-0.956164900169826,-0.608628961154826,-2.25570281894521,-5.89563545269913
-0.737618828742161,-0.676420950724522,-0.716686536734266,0.371879040727289,-0.497884009951008,-1.87727378568602,-0.781430338647025,-0.901335909627332,-0.987518152314191,-0.25057584095972,-4.49608396295428
1.13467291602309,0.54023114926966,-0.749951506535861,1.95820218764518,1.3280793882383,0.671039414454169,0.0399568247280533,1.45445618142501,1.42354810612533,1.45655473010536,8.23613755117409
-0.574089259211283,-0.818650737797411,-0.716686536734266,0.371879040727289,0.408461133180878,0.257107380206727,0.173653639613625,0.441804239187981,0.084623201491894,0.378785788830255,0.705247347425732
-0.417814163819223,-0.785916938745863,-1.13400126973232,0.0695783971160948,-0.590466217092046,0.381598327772029,-0.274169485021933,-0.963395438199184,-1.05569927094578,0.673576341217778,-3.93151194208789
0.0845432749385539,-0.216075021070783,-1.57421872604042,-0.518616690255821,-0.887947692463021,-1.0134341023182,0.328395403846321,-0.129225728316448,0.10475739355625,0.82512035899142,-2.14133731883044
1.37676240750225,0.955165840940538,0.997195444628677,1.22997387216095,1.34625391831878,1.56110052636555,0.403711077062988,1.09718727684977,0.696219780407747,1.45655473010536,11.1358010595958
1.55509018027575,0.970094126674206,-0.794376780880418,1.52523293430162,0.448670821740285,0.207265242373699,0.0643415629303135,-0.249634414552692,-1.0662206110635,0.636218489269498,5.34214558398601
1.07739224267576,-0.108661778452413,0.0422459970085263,0.181626074487304,1.11914359721791,-0.674044088778628,0.0875394036493433,-0.55714278449684,-0.694819258367064,-1.45860796651591,-0.0470723229141788
-0.740889062057153,-1.18143579660852,-1.96602346576485,0.10364796946773,0.0549861934791935,-0.888798924430628,-1.73748378379221,-1.17968742461281,0.00982837726390503,-1.38535859528296,-7.75556680691394
0.336045529301529,-0.719113302799189,-1.51314792115591,-1.12086146838165,-0.978777494848557,0.618266203998846,-1.05170679464563,-0.0665131436623097,-1.32281325622557,-0.403070123210047,-3.49457285865908
0.0142512174157408,-0.510235206138739,-0.178374081190865,-2.34399676026676,-0.978777494848557,-1.83279797565935,0.0153338500127215,-1.90118728037797,-0.115666557991873,0.0496636150379482,-4.97974569132675
0.128514541731596,0.192036776947073,-0.239764412211264,-0.593653308378487,-1.22400018878361,-0.3462236258408,-0.294856360814203,-0.347098152445423,-0.74752540491525,-1.12094400228889,-3.3664219498862
2.07982183236592,1.44807556162834,1.02528162985042,1.68004111594785,1.10199675029781,1.90125335295298,2.20675988546536,1.80941393541762,0.98535060873677,1.55712857142623,16.3780156312625
0.250413153501262,-0.00339184145507721,-0.425020787856339,0.117345638159413,0.391080385055487,-0.455960888238052,-0.00574867624668689,-0.315645257910851,0.807463687005011,-0.780061764715217,2.98801374402623
-0.816043210032483,0.292252875585336,-0.0689791793824718,-0.492008118418025,-0.342230357794835,0.0352245406472091,-0.201899875567813,0.763082683480811,0.27935507176952,-0.0942009586041281,-0.143625446504218
-1.23826408418977,-0.280731763040576,-0.559146860384622,-2.22780252940682,-0.276933642858979,-1.29193845797613,-0.330778522881269,-1.41097003710429,-0.448378820268308,-0.579406381395637,-7.75556680691394
0.50012040900037,1.08050832301889,0.332856157819436,-0.944843698872621,1.01297240615875,-0.599729860715727,0.413258949587655,-0.938989846987598,-0.157559996532765,0.010458854855627,0.436671518332157
-0.433088539479799,1.11598815414019,1.37216360084011,-0.044522632389,0.239139849711607,0.013051791912712,1.17177686495226,0.21801027492204,-0.209517205047899,-0.516880067331281,3.22309156356294
-0.818539955246711,0.738623320742993,0.456516561858545,0.154715277844311,-0.99323604728009,0.261462977210098,0.9996597706864,0.130446195248342,0.415668337430294,0.435870445955128,3.67641956267102
-0.60047640332583,-1.42835408409684,-1.08192228764943,0.270542828430171,-1.37371228814648,-1.75333997807631,-1.06531711885751,-1.42774222774612,-1.39086396861568,-1.32380636199928,-9.05016553641889
-0.12346493752593,2.30045584237996,0.110307980748002,0.074178814914281,1.46934491654716,0.23516978002427,0.60835956869631,0.905461603191587,0.481055038443531,0.406178310958044,7.98952787703404
-1.07507150608805,0.184071767902127,-0.367051823485136,-0.0474440958025535,0.466436048648485,-0.98928262746972,-0.891118232649579,-1.51733716999413,-0.904383237535848,-0.799644004311316,-5.86248561090569
0.873175003687513,0.412463092524804,-0.215103368533891,1.1907597857077,-0.0457489483319638,-0.234468793125448,1.22955811115427,0.833509138844548,-0.647372193405284,1.83686935391266,5.45020524659513
1.64038340187468,-1.00140645994815,0.230712171327357,0.46028172988801,0.811595265415198,0.452830238491085,0.712923531460528,1.42969544807387,0.723655000016449,0.0957815205129015,5.81656240023339
-0.451242659357507,1.26504101372437,0.714919781566714,0.726583193427874,1.37793610263741,0.702699223677208,0.0612288551758986,0.441100825575926,-0.241247619788762,0.599414028401995,7.08313086178565
-0.229943164812024,-1.01752822035168,0.135067097484648,-0.610928323824618,-0.740404562425679,-0.162455829737603,-0.328508145666818,-1.00222888358857,0.38788264586994,-0.589952570822437,-3.0939717837251
0.0570218163527446,0.882571057431833,0.714919781566714,-0.293061042613913,-0.24417933177632,-0.785962227926261,0.793884402624121,0.511901748445156,0.266098416910551,0.179779838343327,2.90741674812644
-0.613531888596897,0.0198685060848985,-0.432384410031802,-0.876301990594824,0.302735847786098,-0.349831126466392,-0.713781656555943,0.261656032271547,0.230557486299217,-0.0358243454775906,-1.50027292447706
-1.58292726182959,-2.19785578913101,-1.17845720797869,-2.49469350782736,-1.64036622865847,-1.65769497433655,-1.19860225212826,-1.58384504619354,-2.01337099891984,-0.34334339728044,-14.7748930675197
-0.839158845767175,-0.989636517899325,-0.228814360225801,0.0695783971160948,-1.14347066752907,-0.374387248660606,-0.973484393287979,0.204796721220781,-0.459101730158544,-0.635646123901895,-3.26664445829155
1.00030411117152,0.0478208801040111,1.37216360084011,0.800732602802131,-0.989139835226122,0.155224026855363,0.484294432371048,-0.104752964406939,2.33037790380295,-0.315188496925523,6.88387694183879
0.845381425246887,0.342660924253854,0.358613987894943,1.22020562345856,0.297763502999317,-0.446228825050153,-0.0480556110337776,0.715677997806143,0.600189300506561,0.473122868089166,4.92620978842041
0.456419605263571,0.239345947954497,0.260774823149955,0.986989299232914,0.912256846375448,0.229084498157741,-0.227321090766785,0.793791426693695,1.19312548192914,0.999309591366116,7.54399140987166
-1.33525206413514,1.17646926394163,0.43192163827747,0.804500074581417,-0.725434892235734,1.23247957710728,0.217737653932148,1.6975800408385,0.243354073826897,0.21748072069654,4.60219126087406
0.190130355129902,0.391681782898278,-0.33384500803752,-0.269187729432191,1.00306336324142,1.84983251831563,-0.645501654981105,0.715677997806143,0.536014588096996,-0.0103660476422956,2.39224493716254
0.550364731108603,1.09196152634462,0.619125234075251,0.401224230226631,1.32029611064062,0.95363173237602,0.632648178814587,1.47364504066716,1.58727335065697,2.13714691174332,12.2928317967126
-0.794614107529308,-0.214917398318412,-0.61252558984709,0.730217660859151,-0.0285325716189288,0.31030197186091,-1.13812486955215,-1.27959247183242,-1.16805728395854,-0.590873467291335,-3.42326444509553
0.331086796458,-0.737259494100139,-0.799495553052431,0.287343933614434,-0.931781494307428,-0.775367497998467,-0.12639734502434,-1.16334220481579,-1.33946072110969,-0.403070123210047,-4.84586963374003
0.0573358674953542,-0.805010709758529,-0.952252313683143,0.602930843457376,0.112804067348744,-0.451268729566203,-1.34256896086252,-1.76641780368356,0.183683790221482,-0.516592780499547,-2.73422511308207
0.870600642829274,0.71359459914997,0.563530661089855,0.868613475583696,-0.0476610338733204,0.469638742667484,0.413082604443755,0.441100825575926,0.840214204644858,0.999309591366116,5.28099352739009
-0.739225502657715,-0.676420950724522,-1.03201796068442,0.318520044100842,-0.405145920701607,0.0509102706959007,-0.274169485021933,-1.23325617192566,-1.33946072110969,0.0547856790029436,-3.26664445829155
0.590204327280434,0.118068694627207,-1.57953830906725,1.70846746777778,0.211011253835089,0.250161145556859,0.55704215219096,-0.631906441916994,1.53706521021548,-0.0103660476422956,7.79194158916503
-0.0645804081008367,-0.375056147643583,-0.860973682216722,0.016391277798089,-0.688937282331895,1.15283700318441,-0.658354475541792,-1.31365230056629,-0.130785637987505,0.666629337735647,-1.57766105071299
0.319395278435695,1.28374805224238,0.738862148844141,-0.446539972795863,0.768617434836672,-0.325321233155447,-0.43615292476472,-0.248144981607519,-1.15160355835034,-0.556653056411762,-0.538103151131711
0.0548621935515577,1.14679632945225,1.02441873492949,1.73498787660151,1.02974429738253,-0.238700200593983,0.262145373613734,-0.164387516325188,1.87065164070961,-0.591956507984059,8.51890600694523
-1.70740491145329,-0.207096919948819,0.225359862367801,-1.2106085748883,-0.807585894874777,-1.12010013766675,0.135388918911511,-0.439741544791368,-0.431700700230914,-0.910096856457834,-7.40087930428011
2.13354461322569,1.93546500715576,2.77655998332963,1.5691026061386,1.82837787482235,1.29679767264697,1.33903019551862,1.15889631192999,0.831425741509305,2.837792731351,18.664492804065
0.965184200347527,0.227369456777743,1.50572957593866,0.875074361888478,0.900299202309888,1.11909102406621,0.955194767788483,1.44025064647204,1.34055065517355,0.825421144162943,9.56213770814868
-1.29625893554429,-0.507574405942078,-0.515610791284455,-0.547689619585309,-1.86992393735442,-1.68569072271589,-0.69925239057372,-2.54439288606381,-0.536962901863608,-0.395486527133496,-8.1583847442206
-0.489037932576414,-0.872272295650505,-0.716686536734266,0.508237821483401,-0.224205906537665,-0.270514505635362,-1.51413581393199,-0.499411890252519,0.449678599830878,0.301007166233625,-1.68251904306756
-0.812222522165117,-2.78033091142636,-0.757491304341196,-1.94739886827123,-1.77571821028738,-1.99314167253743,-2.608602802855,-1.82257866666375,-0.630265409474113,-2.0360511705573,-14.3797409164197
-0.537377989289001,0.662721125826737,0.328210629188625,-0.0205156565180743,-0.242433456187443,-0.400301236160741,0.861302920564861,0.08746670845032,0.415668337430294,0.15259711822796,2.25615886583837
-0.0857442304759119,0.705354682010186,0.436739782558175,0.181626074487304,0.989190613319273,-0.234468793125448,0.0863094290726382,-0.160168002563016,0.173465496336316,-0.696919740870818,3.1384569732752
0.231364386682468,0.467749681666566,-0.0757079700690576,-0.564245977953878,-1.62462358559944,-0.3462236258408,-0.728925120207862,-0.46914302350015,0.404873669819137,-0.525072896129904,-1.75961424176006
-1.58292726182959,-1.10967004926589,-1.45731892308071,-2.23291042542393,-2.279642196415,-1.98133345813624,-2.55841557044884,-2.98061402276994,-3.20507609236544,-2.02772644471826,-21.4016524081021
-0.954534639501609,-1.20285478168595,-0.733131267144561,-1.27923013049518,-1.61731759867164,0.0981589638584663,-0.888569775540874,-2.41720071988529,-0.832513113166339,-2.14092846258406,-9.41436205530735
0.177814847276457,-0.511207032512415,1.23977665128286,-0.906494107368376,-0.429517281640296,0.653839051601041,-0.403857456948595,-0.403323121680354,-0.38768815079443,-0.525072896129904,-1.62196075707538
-1.4885575448665,-0.366610970791409,-0.31849189172038,-1.45350901474451,-0.819093077465792,-0.867402900211282,-1.05941798846401,-1.18162474515453,-1.36108101856755,-1.49930925914568,-8.1583847442206
-1.20029533195306,0.249186562174982,0.128165909675543,-1.13379328668536,-0.59093381508422,-0.288101534258421,-0.216814837686648,-1.63702451778974,-0.394229818443911,-1.56881392483183,-6.55639277405895
-1.12827962032667,0.517721335523148,-0.0454382536545119,-0.862610354250272,-1.32373632885137,-1.01470202304541,-0.494961499074096,-0.489326289770601,-0.506614928140192,-1.3618435350464,-6.47084490077913
0.0342186278225452,-1.00351258876671,0.525269638297511,-0.418018182399083,0.698162655880112,0.0102433939212617,0.187939583866163,0.341924426664717,0.108801076664744,1.34073510028555,2.78753339524797
-0.559260688570743,-0.14488372577167,-1.01693554396777,-0.766801624412901,-0.111312655740874,-1.10396298778651,-0.654406140347428,-0.489326289770601,-0.114882748716681,-0.627990816941787,-3.6464329875335
-2.32695383991818,-2.10218032568568,-1.98867000006136,-2.11871599177174,-1.23475929592493,-2.42287165314274,-2.22725867218306,-1.66531755139329,-3.20507609236544,-3.07666746195827,-21.5500223650111
0.743914838507026,1.3033218553958,1.18375187858446,0.46594672777447,0.422843631934709,2.43235327317886,0.797614826579767,0.94764355361868,-0.0128235902158609,1.17721684146764,10.465119480257
-1.51307356847542,-0.987615862888956,-0.928007895388193,-1.19228725079699,-2.30160677251014,-0.561830097041734,-1.11658183594092,-0.317411442357031,-1.15060484363338,-0.913407822483617,-10.5103133057507
-2.11245013345269,0.141154253383581,0.0697534860271332,-0.867829706631566,-0.675651009103182,-1.30090537603192,-0.555854793731784,-0.929732735595509,-0.248159866152742,-0.468562404901422,-5.29871892763723
1.14376661045675,1.07838404818399,1.23898170713678,1.63469445816022,0.68110934547662,0.78309395457036,1.85280421585733,0.914209584783684,1.35407581214668,0.82543068867334,14.0967679462557
0.522714324154577,0.206582987349462,0.359073290010334,-0.486182312826532,-0.99323604728009,-0.380528220206042,-0.048158845743949,-0.303444353948255,-1.1521909188596,0.82512035899142,-1.17639821338763
-0.198090497837212,0.211202565572024,-0.842806494343896,0.200869837426914,0.860391719940359,-0.36165879698038,-0.357865109775207,0.0656696902679798,-0.161207114894848,-0.264295198344214,0.936501213877766
-0.362048110730182,-0.934307559698142,-0.559146860384622,-1.2106085748883,0.412884173003635,-0.32100557416772,-0.429646773324347,-1.01332524934241,0.445518888697989,-0.404300106524695,-4.90560792543703
1.58706997667958,0.976915438425598,-0.578345943900162,2.26368676754186,1.10747619294544,0.132895166418978,0.262145373613734,0.428104019379784,0.745783547245043,0.988139174971923,8.3769352033051
0.50012040900037,0.460007527956044,0.258603441557041,0.0203922839725908,0.989190613319273,0.582896786381451,0.647326619031586,-0.0442315832583623,0.0373690181358054,0.762720801947803,4.86511234131466
-1.30581010673114,-0.507574405942078,-0.31849189172038,0.478122685334991,-0.646839170539251,-0.162455829737603,-0.630748063642114,0.101072174823597,-0.999382808936911,-1.19996960104652,-2.19815290039059
0.9559804616075,-0.602870002745288,0.830742646535511,1.0803596801926,1.81777270320893,0.671039414454169,0.0643415629303135,1.13024744621544,0.0384060218868948,0.757193414673373,7.42332722371865
-0.771731411118694,-1.40795480270111,-0.596598251585168,-0.906689703476327,-0.810446214836592,-0.777997290657907,-1.01643224734485,-1.41097003710429,-1.36108101856755,-2.10555745095513,-12.8497856196127
0.161739747542219,0.773618302256097,1.12336022358464,-0.88089326540345,1.25394595214582,1.51986645885445,-0.206606809378434,-0.0942847000059305,-0.136085007867998,-0.380318068174338,3.35449208836615
0.308178082454586,-0.233743723634163,-1.21432767543907,-0.554806409707602,-0.699747288908163,-0.273961325303754,-0.674780306058792,0.21973694381832,0.0521434415920679,-1.19996960104652,-5.06433422749841
1.46747313875703,1.01143846454882,0.739960011886971,1.22997387216095,1.34625391831878,0.27493882656933,0.955194767788483,0.0453724646580588,1.52145965684964,0.662559424448568,7.41086993743706
-0.00486961501967489,-0.993774768896522,1.31706339659317,0.147016566401428,0.858906386242573,0.676939223278525,0.799981539878733,1.10709757037921,-0.642417306510543,-0.729873605903252,6.46928153690645
0.168937120966839,-0.473496260286147,0.615807808727339,0.525301792407042,0.503037413190804,-0.658441163593787,-0.320547157412689,-0.41422780676973,0.675551127781041,1.34073510028555,1.55657593021743
-0.588721375869712,0.15469795469877,0.96582639163927,-0.42788813141908,0.469143684345333,-0.133392014136025,0.0349410698371046,0.075279383968789,-0.281080222458446,0.171919285042929,2.7907135399713
-0.460012378381516,0.0666223195629224,0.194175003363321,-0.850289162588772,-0.0285325716189288,-0.755955589321521,0.65147267938481,0.697569768686649,1.22061997839076,0.826525660499232,0.739198652851326
-1.56160210486321,-1.24700486061442,-0.456152925085881,-1.29856213514482,-1.09396538117874,-2.42848277179602,-0.998901928022093,-1.65191930289191,-1.0126760783579,-0.981966231049579,-12.7386210973485
-0.719256562143805,0.296495128344035,0.247949247987744,-0.379159400062862,-0.862928999439888,0.0200695244089259,-0.593812439304323,-1.23625323750279,-0.127440028899364,-1.14908764777576,-2.35616911135942
0.266115853452579,-0.689212490295885,-0.799495553052431,2.48182612147558,-0.669820124346863,-0.78399814691427,-0.255080665539453,-0.487287721038732,-0.328650951894118,1.34073510028555,1.01256283568234
0.336045529301529,-0.719113302799189,1.91583306783969,1.49537384571157,1.01167180881809,1.01821181468544,1.16254579429882,0.72813408538321,1.36884500099514,0.38629739901119,9.89529504711943
1.30501663451228,0.399129667901897,0.372286536369142,0.800732602802131,-0.989139835226122,1.16114948305648,1.5617793653335,1.01383368222532,0.198739237047653,-0.591956507984059,7.18967010842283
0.9559804616075,-0.602870002745288,-0.22196533441785,-0.305573844132675,-0.429517281640296,-0.00412645303618857,1.01206065911633,0.112743712337552,0.415668337430294,0.323642294932645,1.99730842148513
-0.613531888596897,0.0198685060848985,0.00174901218500198,-0.862610354250272,-0.032344184214097,-0.940797843300514,0.0631107898825977,-1.07015076841592,-0.991506114796584,-0.404300106524695,-3.34972201263994
0.978065324255207,2.02467648124386,-0.368691338506496,0.810902281953664,1.83898956653368,1.36964191392092,1.4196227657789,-0.327993910369864,0.90422472387106,1.63823269451682,11.5138723466435
-1.18634596739797,-0.943675556911803,-0.830886067209583,-1.79229422701507,-1.18454366340938,-0.312660603724083,-1.11906238563722,-1.84691877550123,-1.38857258749508,-1.57523066636766,-10.5368506568575
-1.35880480882961,0.590484543053023,-0.432384410031802,0.658621775353769,-1.05285473564978,0.757624170921654,0.197594169526291,-1.44215463786937,0.0993221847445695,0.0258996597607719,-1.49159905413147
-0.954534639501609,-0.812088521744666,-1.93540160902693,-1.61776487010874,-2.00808355612326,-1.4782125039211,-1.77439585075049,-1.46509359979792,-1.31981154660729,-1.75996882824979,-13.1678651290777
0.371105148158111,-1.41139148453492,1.17326635638566,-0.0763418919696027,-0.810641135225239,0.297321900024122,-0.110949088719457,-0.312363520876435,-0.265009644785137,-0.202815355694323,1.82996519996091
-0.46228285163911,-1.28174285490869,-0.903757204721709,-0.867374773096115,-1.10804233604833,-1.41148926557153,-0.2123844313204,-1.1715133657752,-1.45376966717258,-0.831277423420686,-8.56606069828539
-1.94745546592709,-0.651151624035886,-1.00275335283577,-0.389261661257521,-1.99585937976586,-1.43933798364631,0.15472131578637,-1.30835504588203,-1.20725358195052,-0.384545419377854,-8.1583847442206
1.55653049867419,1.42416159110099,1.10908647081269,1.19922397749822,1.05647400719788,1.21412758024332,1.50566636826455,1.97270389241373,2.01488148858408,1.61067628510595,15.1572473767854
-1.79523167949439,-1.92894492169202,-2.35421620153018,-2.06064585606298,-0.983225342623371,-1.59542285198164,-1.19860225212826,-1.82257866666375,-1.39538860598551,-2.2245201200963,-16.6044372017005
-1.11018870790269,0.440768222856797,-2.0503823419971,0.478122685334991,-0.59093381508422,-0.670692719624128,-0.483091753550625,0.139084427516569,0.10475739355625,-0.362752196355224,-2.28807925618198
-0.749044673624984,0.2627966093391,1.17523853819677,0.647847088061823,0.588581811950102,0.341053646107308,0.570117673706163,1.06750424157616,-0.0754122971148717,0.530439450273824,5.86239564091146
0.83167654127961,1.31009338994452,1.05645663112596,1.39394003620329,2.65700846648247,1.22717268444864,1.46826865579682,1.42068615968661,0.306139701415976,1.50340655578907,14.684874700676
-0.833689355707873,-0.0175653854469711,0.0744193645868307,-0.278634471390094,-0.931781494307428,-1.17622240064618,0.383888316448324,-1.51733716999413,-0.484840350521333,-1.2104888377247,-4.34421408932831
0.0573358674953542,0.882571057431833,0.927076930967362,0.712298626042074,-0.34658952446698,-0.107813723399854,0.579221592236857,0.626647569182515,-0.473637695983277,-0.493207815790616,2.2331774393831
-1.65012818581592,0.777635546693343,1.91583306783969,0.183277309622974,0.400109158376282,1.24461819684222,0.667824110540635,0.733152115831376,0.49705045929748,0.0555893127435573,6.47972666749816
-1.31643351135055,1.17646926394163,-0.425020787856339,1.30254666279163,1.13990744772433,-0.492253198955561,0.104475751595687,-0.0853266585185101,0.572448457281263,-0.764441865091792,2.25615886583837
1.26364944124575,-0.249910485622886,0.452675436875266,1.0089801581159,0.591061494709487,-0.588888256432907,-1.08099268359785,-0.631906441916994,1.27434488481885,-0.799668038343094,3.31341525783355
0.978065324255207,2.02467648124386,2.20137187077643,1.79341959487372,1.49411015525786,-0.894308848359237,0.792925788425668,1.49729307687865,1.54063708561421,1.31579150391524,13.8870194715904
1.09409030351941,1.92402221637243,0.708739799348916,0.911353430429379,0.311523892748904,0.671039414454169,1.16272190517177,0.0453724646580588,0.799946425176317,0.926036582348636,9.72070138598628
1.25745215482305,-0.531109192180383,0.440940871646761,0.181626074487304,-0.850370370207635,-0.455960888238052,-0.203424941830519,-0.604941024284156,0.302764911865081,-0.544719859028278,-0.143625446504218
1.71301559885679,2.09725617262374,3.12099678253347,1.47812616735512,1.82837787482235,1.36078237403225,1.68859323847449,1.87747236011397,3.06146004272154,1.54006954984754,21.5146644740508
0.884378227931048,0.091697062162948,1.26648250234861,1.33421382819311,-0.356529287992292,-0.00367917497344241,1.38049685574852,-0.0348954279568536,0.403787955092237,0.599414028401995,5.9690413180408
-0.526017020424288,0.49420560402593,0.0380692723042109,0.713898953820389,1.16348992395508,-0.646702786438368,-0.687400882835682,0.23339236137694,0.521542468825816,0.278536869280988,3.14597616544015
0.873175003687513,0.091697062162948,0.207292790158129,1.35427604712404,2.4803965625589,0.78309395457036,1.94365113322937,0.0453724646580588,0.90422472387106,0.662559424448568,11.8732624920373
-0.896564867128238,-1.43695228510115,-1.00275335283577,-1.4586363203983,0.0573892751961048,-1.62753649899227,-0.651469112559542,-1.42774222774612,-0.693907104189458,-0.340321272478779,-6.41174652215394
-0.540918251142235,-1.01977725766234,-0.553618702732859,-1.35645370077647,-1.65095212004841,-0.502817984820612,-1.16817628555002,-1.1715133657752,-0.693907104189458,-2.25212861745251,-9.9899557734954
-1.65012818581592,-0.551221039338307,-1.70083347284519,0.734720697165914,-0.867529669566293,-1.12010013766675,-1.68090628610504,-1.42818327669501,-1.26764112296946,-0.416246868947102,-8.56606069828539
0.050153747392736,-0.037841866832726,2.17335762433284,-0.293061042613913,-0.201243612413238,0.250161145556859,0.0845812139719748,0.36637633540262,1.73201426984031,-0.822197071740611,5.29421810234742
-0.819684291042126,-1.09860704548299,-1.08697707497887,-0.143506997405142,-0.183331217111693,-1.72819685568873,0.0540334597022291,-1.50982379078131,-0.73268678292899,-0.67355099433612,-5.754981440585
-0.603110685655515,0.196258916881481,0.956214453165424,-1.02400656181026,-1.94103353870027,0.666024714729049,-0.110949088719457,-0.512467343465411,0.497891934353349,-1.2643385659255,-1.82182290753772
-0.417814163819223,-0.785916938745863,-1.13400126973232,0.478122685334991,-0.730517755129738,-0.422826932182078,1.33769245772249,-1.27214022972014,-0.793070921007934,0.117067792893122,-4.41187707338595
-2.36649608968992,-0.309098973444931,-1.97606449379019,-0.520319392423219,-2.31400119501926,-1.78492846208385,-1.38710215587592,-1.67578139077829,0.0308271322851529,-0.657716511731513,-14.1195645617337
0.845381425246887,-0.518983618457833,1.32417828665145,-0.0515411429834997,-0.839542381295402,-0.218289734764536,0.0351183140994874,0.726118843310915,-0.562291577892371,-0.014007610706368,1.11977071745592
0.32175389482228,1.28374805224238,0.81060247034261,0.189618421608598,-0.989139835226122,1.07690121839437,-0.273778589435601,0.733152115831376,0.406998623671307,1.14114258974505,6.17219543560903
-1.97266498176394,-0.0914651589925918,0.623492075003058,0.715533584453144,-0.840310238158201,0.260853844757309,-0.320547157412689,-1.20126279750282,-1.38747353303769,0.104243833739895,-3.0939717837251
1.10382038430168,0.521742375426179,-0.552024163748943,1.0089801581159,0.855797386181458,1.32056286571137,0.60835956869631,-0.0263350516754616,0.862494320943491,1.24824371572258,8.72707935448261
-0.542221606915487,-1.50628898743793,-0.719535656216281,-0.906689703476327,-0.91999552801148,-0.774054771765636,-2.16486956321064,-2.69315808902628,-0.832167028323973,-2.79677141620593,-14.1372589097671
-0.241983192148282,-0.00925339846797838,-0.390342844166985,-0.652721615947621,-1.0144840516974,-0.308962147347028,-0.730780651509123,0.486272096488146,-0.0898503805105831,0.187653729379731,-3.13181011694828
0.357971961038663,0.0237309175519561,-0.0100367529684099,0.105206176301304,-0.249465686662788,0.827828629609823,0.55704215219096,0.656730427262846,0.195576416889933,0.265350589130861,5.00304484310321
-0.440683429823507,0.0215075016315468,0.468292004378082,0.683510854439369,-1.5195391542588,0.137620175876525,0.197594169526291,-0.329238202023644,-0.867540560045325,1.58053879129657,1.02264257031134
-0.318136555499299,-1.20821565228832,0.761688939101,-0.898717481718354,-1.43269570022178,-0.888798924430628,-0.208066631169444,-0.069983791899953,-0.442852688003465,-0.590873467291335,-0.722483052516132
0.263249508095486,-0.524427974750642,-0.0750359642101837,-1.54804519979982,-1.27907888163069,-0.183288766254795,-0.150465178624044,-0.240314785543833,-1.71941862126523,-0.303018998735068,-5.86248561090569
-1.57806209275802,-1.24700486061442,-1.3141298170416,-0.0805008776062153,-1.95740653519344,-1.22981521508421,-1.41999022646931,-1.13576437338925,-0.350778887779075,-3.32521906884627,-10.6418749054857
-0.771731411118694,-0.120706591132682,-1.05980353637406,-0.333032725465109,-0.289828522626577,-1.80113023637359,-1.2350741330151,-0.94832912740209,-1.11320008799239,-1.74946275603053,-5.83599431235614
0.371105148158111,0.124969362364978,0.929720857453311,-1.11572635558735,0.651833295198393,0.115307988782282,0.0875394036493433,-0.946182587882555,-0.21579944725163,-0.525072896129904,2.98801374402623
-0.0425953692195794,-0.688480587741843,-0.177728902684093,-0.576774819950434,0.2185399013006,0.261462977210098,-0.748618428276451,0.700009425225187,0.464829435611503,0.440295047567024,1.10694459047279
1.14581355927118,1.07535634095925,1.23898170713678,1.66103793678053,-0.360907977830076,1.58658172082191,-0.162697605266179,1.53898895900811,2.46864048639884,1.5831610189761,12.080256155349
-1.67502896532064,-0.142868899426879,-1.0064696046201,-1.05009654639047,-1.67835070186355,0.0981589638584663,0.328395403846321,-1.01528985351068,-0.130955596252328,-0.667650753016142,-5.35858554498898
0.0452423169464086,1.10015549211989,0.145226377557969,1.05147385090215,0.354892049295367,0.431648286456905,0.886343165023891,-0.492817395425942,1.26256829515611,-0.044989491594667,4.85099890702611
-1.69245502729884,-0.207096919948819,-0.31849189172038,-1.79145161399496,-0.208725881470626,-1.3878756709853,-1.06531711885751,-0.670869630556965,-0.500901397306476,-0.220216862360342,-6.8958278496997
-0.0795075592590026,-0.0306762565526503,0.89070395732289,-0.173682788243178,0.213365254458977,0.0357284431430789,-0.536162507432657,1.04545966382319,-0.415008746529556,-0.947526762895455,2.57671794511457
-0.273864129686858,-0.0982044347058322,0.931000103151398,0.496231255460689,0.250162120088797,1.84983251831563,0.343045894682014,1.05881756029759,1.20584357101443,-0.107800431218565,7.54399140987166
0.978065324255207,-0.100149532342552,0.328461199088012,0.580595364164513,-0.0523596657738228,0.343245856052016,1.00803712877759,-0.104752964406939,0.731533867993475,-0.729873605903252,5.56186908071731
-1.07518723762804,-0.578793954127495,-1.54071504047693,-1.79229422701507,-0.356179014658191,-1.68569072271589,-1.91485555952731,-1.37431334088861,-0.350778887779075,-1.59437375615089,-12.2895871577483
-2.48557851839845,-1.16078001750322,-1.9699566850406,-1.60280589049438,-0.762775173269593,-1.99314167253743,-1.93156601942139,-1.37839951658806,-1.65286315882971,-2.68912962597585,-16.6044372017005
-0.371982697223625,-0.102881183894283,-2.0503823419971,-0.867829706631566,0.0747705955951534,-1.0134341023182,-0.767944099744179,-0.439741544791368,-0.980394289101487,-1.02836775072041,-7.35278407716321
-2.45876980097351,-1.16078001750322,-1.02867004480072,-1.81541948570759,-0.240655878532391,-1.63285700353108,-1.30324092234447,-1.11234268759871,-2.16514132077133,-1.39003227053088,-13.7445780263685
-2.40071028572439,-2.19260225714913,-3.50137385071103,-2.60731461370738,-2.31352747563189,-2.35129357563679,-2.40734969687022,-1.97000510101144,-1.44776948619761,-1.70809590353278,-21.4016524081021
-1.57806209275802,-2.19785578913101,-0.124506024666239,-0.520319392423219,-0.911286722067219,-2.34125046830115,-1.21076680740644,-1.55501017454036,-2.16514132077133,-1.93723355320986,-11.7687845756078
1.09409030351941,1.92402221637243,2.20137187077643,1.79341959487372,1.46577076390012,2.43993581195527,0.90819573576529,1.94565800176905,0.98535060873677,1.92600820722923,16.8810718524795
0.787328164159063,2.0575286278438,0.95643219848574,0.911353430429379,0.279981677194266,0.211457586472751,1.20771953999272,1.09704783328823,0.430824357652807,-0.0621640606098254,11.7705200163258
-0.112672390103847,-1.35499149272383,-0.553618702732859,-1.07052256281384,-0.611967933953313,-2.16670937044037,-1.58815515659129,-1.42818327669501,0.101799416001128,-0.267368007960089,-6.69967150509261
-1.67502896532064,0.0870833680907605,-0.518669424827013,-2.22780252940682,-0.810446214836592,-0.654217407712214,-0.69925239057372,-1.18162474515453,-1.37864992936818,-0.973981162906634,-10.6047517271385
0.422118448890148,-0.727516329544313,0.783197002568572,-0.593653308378487,-0.883809258119044,-1.59218847988665,1.33769245772249,0.697569768686649,-0.95045869264545,1.09565108594878,0.525855867910708
-1.47398583492814,-1.57469115760554,-1.3349163124253,-1.20218297376585,-1.6697303960153,-1.13648484091896,-1.83199983225472,-2.05666727694479,0.0308271322851529,-0.860681359774117,-10.1604265204823
-0.819684291042126,-1.09860704548299,-1.74999641064797,-0.704172091062888,-0.905380093043136,-0.488765813234877,-2.59984237529519,-1.76904526583768,-1.84100462164152,-0.528348192688876,-12.2895871577483
-0.362048110730182,-0.0541379236460685,-0.0750359642101837,-0.864276468591487,-0.688937282331895,-0.683312178096419,-0.485399010520112,-1.48719693251203,-0.442691463353658,-1.42585249885284,-7.20882654314629
-1.64175265317839,-0.822850160218007,-1.34636567332028,-1.57227773844655,-2.55456358400486,-0.88347281321561,-1.27574631166721,-1.11234268759871,-0.768210066690424,-1.76833039309144,-10.8381421253613
0.161739747542219,0.773618302256097,1.12336022358464,0.579534471440271,1.24259632556723,-0.163159550859493,1.15558919990239,-1.11219271928641,1.22717553072163,-0.729873605903252,3.93295755891287
-0.111714081323049,-1.35499149272383,-0.553618702732859,0.371879040727289,-0.824577805975773,-1.17622240064618,0.556659939388437,0.101072174823597,-0.790771140853459,-1.01031448061798,-5.85618119079484
1.09409030351941,1.92402221637243,2.20137187077643,1.07550879083274,1.53002246337937,1.22717268444864,1.35550021932604,1.27949268954831,1.24976953821354,1.81902250969841,15.1572473767854
-0.405801201137106,-0.484830713033346,0.110180956480893,-0.245081518012021,0.886937524282103,-1.66421064681436,-1.46566073375959,-0.379487693104436,-1.33946072110969,-0.468562404901422,-2.56841895462596
-0.730677826204129,0.00943013542840356,-0.0431726417955622,-0.387710419902673,-1.10454364971986,-0.875887785963347,0.408670575685623,-1.1527102305012,0.0188540640829289,-0.35332408960598,-2.63682206811134
-1.09663304840976,0.0819131278806945,0.881247461865979,1.70846746777778,0.000245300616757869,2.09324088941248,0.758430673424053,1.48235664359714,-0.0775775797707936,0.307989147836585,9.253413649843
1.04367643505066,-0.200250814257774,0.260774823149955,-0.608672499682215,-0.249465686662788,-0.17692338658389,-0.699237116277292,0.0900564496595211,-0.10155547366682,-1.25406051130243,-0.73231055070804
0.348785718829676,0.459628487023545,0.140048295985707,-0.543231280861322,-0.545864393720937,1.13016877832064,-0.0168086280082093,1.6975800408385,0.540640871594749,0.599414028401995,5.29421810234742
-0.749044673624984,-0.618107104963258,1.15246692486515,-0.254044144202419,-1.13858100544234,-1.47006373097879,-1.18083769945606,0.139084427516569,-0.394229818443911,-0.363781824063156,-4.86828183902224
-0.833689355707873,-1.36320727531521,-0.596598251585168,-2.36911109857178,-0.964981062435661,-1.27145550128035,-1.83199983225472,-2.1110401816542,-1.5467749729404,-1.06459684662492,-13.6965962857495
1.49645345104524,1.01143846454882,0.996681632861709,1.46460557194401,0.503588709647807,0.122124364383019,-0.325947067270821,1.56082077607869,0.758501526090332,0.255334540726091,9.67164497288926
-0.701059271676906,-0.503472990396747,-0.0923059147727742,-0.566762369691179,0.408461133180878,-0.568610006796146,-1.05689644924682,0.17114794331537,-0.195536094643368,-0.529940089018966,-3.29792627999205
0.336045529301529,-0.719113302799189,1.80556401199405,-0.0652306757630366,1.29838765574282,0.837926337959242,-0.227321090766785,1.55403981895039,0.403787955092237,-0.315188496925523,4.32907841498078
-0.0795075592590026,-0.0306762565526503,0.240236005775652,0.957930892308839,0.811595265415198,0.136414657586583,-0.140955954674954,-0.142066292545865,1.73201426984031,0.285972318002235,4.05546554225275
1.26364944124575,-0.249910485622886,1.29263138138809,1.33421382819311,0.561330823423152,0.465110606015729,0.661284257200651,-0.0580055100781107,1.08775532462734,-1.21160439442922,6.07523159057684
1.82162719968803,1.15859760195985,0.912938555449394,0.911353430429379,0.503588709647807,2.44746997994145,0.791095746364882,1.51103860775248,0.410746045248504,0.706023059897823,13.4128469124851
-0.112672390103847,-1.35499149272383,-0.553618702732859,-1.07052256281384,-0.183331217111693,-0.670692719624128,-0.578897283037689,-0.910158795557841,0.240389794695144,-0.722098103778379,-4.27467493817679
-0.59706939114487,-0.457023112256325,-0.769859348552763,-0.333032725465109,-0.950323374866994,-0.87498089976923,-0.917312900007998,-0.343696338144198,0.240389794695144,0.306077501587138,-3.53004948075571
0.168248726865863,-0.102341233489777,0.576013640051441,-0.368293486655326,0.451673510438299,0.2246554578947,0.494846697491396,-0.451800314039519,-0.415008746529556,0.089936982008601,1.45277344067757
-1.07507150608805,-1.15191444599368,-0.155190753335093,0.852333082939129,-0.740404562425679,0.255816173072761,-0.15162924635668,0.596779231726923,-0.491749059054268,0.171919285042929,-0.73231055070804
0.613458757102374,-0.881895271502072,-0.860973682216722,0.471983753843994,-0.500149215362194,-0.98928262746972,-0.985982129033164,-0.545714114590032,-1.63772540159584,-2.32991288295899,-7.68702616846264
1.78424167339825,0.897341855639096,0.110307980748002,0.655524028273858,0.318222772785057,-0.163159550859493,-0.408437605362853,1.36264840290038,0.521013379150026,-0.779465196453897,4.86511234131466
-0.229943164812024,-1.68802214354397,0.218954963774523,-0.867829706631566,-0.738618275887812,-1.66007306295235,-1.06353580606896,-1.76043360162699,-1.61108187439224,-2.14092846258406,-11.7101992518179
0.32175389482228,0.857553103641585,0.936490473531365,0.0931721071385221,0.776966729189013,-0.146996016488138,1.22162355614801,0.0560024953710977,0.120341148105576,0.712061933324675,5.226531009061
-1.18634596739797,-0.921063838033524,-1.3984998145366,0.180317797818557,0.586163335797684,-0.527340604180814,0.556659939388437,-0.381383254839898,-0.146912143571676,-0.0789864267570374,-1.54993504137154
-0.121838023089962,-2.01312855977395,-1.00275335283577,-0.755887815544744,-1.15949426440082,-0.923220905449633,-1.11121823316835,0.0154797140144221,-1.02467312027886,-0.717498732837356,-7.58609204764477
-0.212373739541564,-0.714308026445458,-1.41022130059153,0.371879040727289,-1.59603708885674,-0.253627079424873,0.148304789923238,-0.499411890252519,-1.16174416966643,-1.02850407945643,-6.44136815829843
-0.0146882772340806,-0.420543714552755,0.00174901218500198,-0.996097278908333,-1.48906456987921,-0.800765545661332,-2.19737707498762,-1.43173807956387,-0.7327065522124,-0.0120687123881592,-7.0014584257783
-0.916436960238951,-1.57670145384795,-1.15814481879346,0.734720697165914,-1.06406845522597,-1.30575883478722,-0.688674643390057,-1.1715133657752,-0.758551077110674,-0.876461971886881,-7.37174461238775
1.84391402345185,2.83016795799827,1.39172349065227,1.5691026061386,1.82837787482235,1.10334698233689,2.70799246353356,1.15889631192999,1.59724925745606,2.20766410331409,18.9014546360191
0.9559804616075,1.22768201995791,1.23898170713678,0.633097068882553,1.35268317446863,1.25047338605605,1.37171172130309,1.49729307687865,1.2165103627696,1.08300180346514,11.9172495783122
-0.158808282812043,1.15601341148404,-0.0858837883617852,0.0751908654869071,0.909434378366418,0.343245856052016,-0.0156892065047257,0.995454292578048,0.587428815107431,-0.161650518974326,4.38284626457571
0.446686277378232,1.0312751209457,0.372286536369142,1.3294568073993,-1.0287827138351,0.941869975564444,0.721539575352965,-0.265338421582511,-1.28736323889115,-0.30939131081494,1.10624410556509
-0.979079859263236,-1.4170150032539,-0.914555417910657,0.180317797818557,-1.21560342774654,-0.777997290657907,-0.208906388942412,-0.564531025527996,-0.901147963402848,0.252270787998379,-7.20882654314629
-0.559893458536637,-0.756753498922443,1.15246692486515,0.200869837426914,-1.94103353870027,-0.9102676383551,-0.0678186276520766,-0.727706138241481,0.340364624881228,-1.01386650985247,-3.93151194208789
-0.0465280787762653,0.234423202836872,-0.612544588684047,-1.38849548209649,-0.492150032389871,-0.527340604180814,0.0326654181228249,-0.31254085632576,0.0521434415920679,0.301007166233625,-1.00240941999851
0.0523487383289557,0.987182160192752,1.33292872112941,0.228254046579586,1.3690295000051,0.873504085375287,0.315648412592762,0.882302832908089,-0.118778798750348,1.40332638874825,8.3478960081669
-1.64175265317839,-0.822850160218007,-1.34636567332028,-1.27349897536001,-1.37129783192697,-1.63285700353108,-1.21076680740644,-1.54939115473052,0.29558009860036,-0.0169331381714446,-9.27797774621569
0.271039645422685,0.611404762252966,0.313952415853557,-1.11572635558735,-0.130363052455602,-0.618242067986564,0.348812876322323,-1.79506697050731,-0.0889868952640988,-0.590873467291335,-2.04960079151959
-0.374215054375957,0.539169371479084,0.328210629188625,0.909038044127019,0.336704265278595,0.845006909544685,0.484294432371048,-0.152876974308018,-0.315148936625263,0.493818812744936,3.70982943508031
0.324615483577796,1.28374805224238,1.27245978173982,0.299942538123769,1.15684541954501,0.911652692969363,1.45842189567606,1.0166565478696,0.0309557347628694,1.23834928539198,10.1305528711841
-0.701059271676906,-0.503472990396747,-0.0923059147727742,-0.55635230357045,-1.16291984773575,-0.374387248660606,-0.358086414026068,-0.129225728316448,-0.930415205175308,-0.767004489137052,-4.04068834255531
1.10864734523311,1.7970441599435,1.10908647081269,-0.0854665162636685,1.30492648081842,1.44497839310125,1.37171172130309,2.26623638544657,0.899562413704212,1.50340655578907,13.8870194715904
-0.062388817063202,-0.375056147643583,-1.07488479227562,-0.765815561091608,-0.289828522626577,-1.93612225854686,-1.73748378379221,-1.34693285756456,-0.448378820268308,-0.572646244945035,-9.38896311708481
-0.181870365813475,0.503752485145559,-0.981539527556779,0.0941854582608487,0.504006970943268,-0.0863193792889519,-0.202120297826178,-0.0445197485379856,-0.0237811601698725,0.120133157617848,-0.0639167162440132
-0.200797819531282,0.211202565572024,0.615792783655976,-0.368293486655326,-0.141978386671365,1.33705190942541,0.6439196014855,1.34878984567692,-0.279090788027615,-0.707773127012711,3.53994178773854
-0.112672390103847,0.0156106642484875,-0.146525946996517,-0.938035405753853,-0.931781494307428,-1.17622240064618,-0.816418383687284,-0.812055657041618,-0.980394289101487,-0.433329920703922,-6.44136815829843
0.158013341138878,0.773618302256097,0.55413966005407,0.389394265555039,0.328439984919482,0.136414657586583,0.119816801195368,-0.376537547520087,-0.274222615789851,-0.618597219063485,0.298362182121677
2.13354461322569,1.93546500715576,2.77655998332963,1.47812616735512,1.36452182397472,1.37621391023671,2.71340012983662,1.15889631192999,1.47158738374403,1.45756163910455,18.9014546360191
-0.305083127172321,0.227874578366981,0.324242069203711,-0.240526340278955,-0.120621910900515,-0.739978032530265,0.332606517832777,-0.211668340198886,-1.12556183334211,-0.237268933356916,-1.50027292447706
2.07982183236592,2.36154928895596,1.65752728873198,1.5691026061386,1.36452182397472,2.19679833246037,2.2431204349844,1.87747236011397,1.00570493408404,1.97267641258698,18.9014546360191
1.23955992698755,0.0904528424912514,0.303340442193963,0.801707892845962,0.776966729189013,0.832545690446917,-0.206606809378434,-0.0942847000059305,0.225055480458636,-0.30939131081494,4.47565031166783
-0.683413631996481,-0.299475777837551,-1.03534084346398,0.35337046786903,0.0431915669494496,-0.588801977308936,-0.216814837686648,-1.76641780368356,-1.46380232761067,-0.229825379796565,-4.88500545365882
0.185363078319508,-1.02688599008985,1.04396762310771,-0.870194933907994,-1.10454364971986,-0.387230232314158,1.09286532312855,0.65624259326208,-0.10155547366682,0.116359072919709,-0.0639167162440132
-0.370995764153559,-0.102881183894283,-0.315900148646566,-0.455299335346835,0.886937524282103,0.0193736383109767,0.352493130460311,2.15702665600786,2.33037790380295,0.864281877865033,7.08313086178565
0.978065324255207,-0.100149532342552,0.328461199088012,0.563178360127265,0.00452441547575179,0.935282556278714,0.112205888851728,-0.0951970267993644,-0.0119234538836451,0.278536869280988,3.70982943508031
-0.0399790061745131,0.482967322555531,-1.01054179248907,0.306939110203467,-0.20080102069815,-0.0406011851940663,-1.65630570471271,0.163989222984838,-0.412140501802672,1.43189043323963,1.82996519996091
-0.316242076042066,0.61736340424446,-2.17924466561871,-1.23616683982238,-0.681489337637497,-1.15328325121239,-1.73748378379221,-1.41097003710429,-1.15280025169835,-1.32380636199928,-10.2407337393424
0.336045529301529,0.0403960995478572,-0.0100367529684099,-0.269187729432191,1.0247858351024,-0.109354615721814,-0.875229189481788,-0.403323121680354,0.807463687005011,0.659893782319654,3.1384569732752
0.0557506698070974,1.14679632945225,0.101120429124027,0.12837844298494,0.336704656809943,-0.245170620755529,0.0369745731417554,0.202060067998479,-0.0581253186128042,-0.63420302979604,0.684487556912671
1.36377688310821,0.604316670491024,1.06236635738362,0.500555453978811,1.26673339811059,0.172254294389093,0.23264073058716,0.380586617037976,-0.0775775797707936,0.717217642002617,7.16666774164129
0.371105148158111,0.124969362364978,-0.135499349955925,0.432869189905162,0.951208536554622,0.020159948186227,0.87712424308946,0.298197390812131,0.171555026944151,-1.03133471342133,5.09186254822321
1.31871941493345,1.93177218144931,2.11467517213047,1.98934291558687,2.09704683126285,2.19679833246037,1.68859323847449,0.809323875917638,2.44647942795798,1.92600820722923,21.1782419376814
-1.02690535046679,-1.24603471953977,-0.800990024715828,-0.841261524074698,-0.887424852371526,-1.55243824216651,-1.16781649754143,-1.42459103732353,-1.51647737926711,-1.4535076765319,-10.1000523684042
-1.14304828144278,-0.298858970822396,1.08966499575436,-0.418018182399083,0.251717315181846,0.25950525153668,1.06576036038205,0.820367334302232,-1.60545811791895,-0.669319818172113,1.58988053241412
0.555780055923346,1.09196152634462,0.738862148844141,0.307541806229945,1.84993311575053,1.31981956716567,0.144217836995248,1.38842689893467,0.407176893220811,1.82338313779984,8.62958404783503
0.324615483577796,0.469216653551233,-0.0205502164683311,0.0933027213098741,-0.0886313302715916,-0.78399814691427,-0.0345981098542299,0.575263486888052,-0.161901774862358,0.692378789958518,1.85521654451143
1.58706997667958,1.04192823744323,1.36668879874978,2.78115390819588,0.500070841929173,-0.00695923459510769,1.41514757414627,1.0444242183023,-0.0887178846816443,1.65333127201833,11.3126059365041
2.30677851305104,1.02734571267853,0.708739799348916,1.64037764043762,1.5520284661858,1.22717268444864,0.980492173143591,0.357191628072646,0.0821819770948865,0.760346179953213,12.6378095263838
0.0398151413975692,1.10015549211989,0.305276883797841,-0.290352178952295,0.140568933783034,1.24461819684222,0.752170694188819,0.323986364068441,0.105175234127424,0.0673650776631076,5.29421810234742
0.750963864122077,0.160228324811317,0.140048295985707,-0.311008568570908,0.849911093021578,0.343245856052016,-0.299394405254012,0.231214417300083,0.173465496336316,-0.277815618763654,2.3177420533758
-0.342805425309026,0.194487507859362,-0.113160283033654,0.857307173855414,0.0362804630835576,-0.277947074051281,0.371333381307809,-0.604941024284156,0.474163186808961,1.06915592092891,2.25532470694689
-0.936784616328343,-0.910301465263006,-1.77675329305314,0.180317797818557,-1.21560342774654,-0.405864829151059,-1.46532464923385,-1.17968742461281,-0.115666557991873,-0.601812105422956,-7.66026917418918
-0.819684291042126,-1.09860704548299,-1.08697707497887,-1.27923013049518,-1.15949426440082,-1.28890590381895,-0.918519328418904,-1.15019941412388,-0.609631956768181,-2.14328412272238,-11.6858430393259
0.0845432749385539,0.797198399311787,0.691439008495767,0.726583193427874,2.4803965625589,0.335887052382281,0.63430577135662,0.577559470498754,0.745783547245043,-0.0380786612436105,8.72707935448261
1.49645345104524,0.980046459419382,0.637954990481932,0.884493411489012,0.870713002994146,0.172254294389093,0.315648412592762,1.02179554673505,0.440752634836777,1.11329359935247,9.2992849774391
-0.635572078572481,-2.37851290830428,-0.524378918153022,-1.04994359936702,-0.878875531891911,-0.488765813234877,-1.11658183594092,-0.221331272188051,-1.51177985605892,-1.6288452628439,-8.67978798777232
-1.32910674034701,-0.78664814169253,-2.24526627286858,-0.181357207054494,-0.201085905163104,-1.37429477559437,-0.959068841324062,-1.15019941412388,-1.36108101856755,-0.6032684282131,-8.1583847442206
0.980639193914281,0.0899139659484505,-0.820258133476689,-0.173682788243178,-1.62462358559944,-0.58915955369096,0.0679940741002044,0.0724067587524155,-0.142643359509253,0.601332334122492,-0.218806212016988
-1.75566519989558,-1.55548916536888,-1.22188149173014,-1.19307491243121,-1.15918648934006,0.885322187650034,-1.01643224734485,-2.22652181346822,-1.64434273384452,-2.03348765831973,-11.8843187780796
-2.32695383991818,-2.10218032568568,-1.30112409329504,-2.06064585606298,-2.45536554221794,-1.38106785386976,-2.36294715441195,-1.66531755139329,-1.92584526458852,-1.96558263924967,-19.113372777669
-1.56160210486321,-1.71667413528907,-0.524378918153022,-0.73973207369452,-1.39166153957706,-1.27542336458659,-1.41934617913345,-0.718781532567473,-1.39751709971895,-2.10555745095513,-10.1604265204823
-0.318136555499299,-1.20821565228832,0.529343518998699,0.862670224271933,1.1571555401553,0.265136613542852,-0.321121198062402,-0.143376828000448,0.415668337430294,0.323642294932645,4.37989407017533
-0.953862279880182,-0.812088521744666,-1.93540160902693,-1.61776487010874,-1.55582221150183,-2.11627564257821,-0.846706207700967,-1.86500031177856,-0.768210066690424,-0.860681359774117,-10.8381421253613
-0.0860796579303683,0.705354682010186,0.513725887705808,1.37703918444895,1.37793610263741,0.295297061524748,0.667824110540635,-0.421119125979807,1.03425494179479,1.79801633258836,7.96949337551244
-0.0959764225455967,0.023423186757325,1.1009482780579,-1.54686012098161,-0.648108413872861,0.652741474777175,-0.00175517045910285,-0.0319861421944507,0.558028980443151,1.05904878232675,0.298362182121677
1.58706997667958,0.187071908335245,1.49289329339367,0.655524028273858,1.12277283470085,0.113964485512924,0.594522687679072,1.32983667790913,-0.230492717758113,-0.729021518741646,7.55271028292653
-2.4014594406084,-0.356950309697717,0.0900583623510892,-2.36911109857178,-0.964474978664832,-1.27937181017529,-0.166479859454128,-0.543484311790016,-0.0462499918875696,-0.561412994818235,-8.37787127898445
1.49645345104524,1.12380485340783,1.44076082034137,0.911353430429379,2.32903115257119,0.272066679921105,1.64100995325138,0.90811109279308,1.79093559459104,1.14034100876705,14.684874700676
0.0913848503158809,-0.216075021070783,-0.482786319561036,-0.864276468591487,-1.34894904601089,0.538729127242617,-0.321975870349849,-1.13562919562432,-0.676830308158238,-0.988610495464638,-0.722483052516132
0.266115853452579,0.00749226535822098,1.49840358295184,1.05147385090215,0.818034409301192,0.23516978002427,0.494349855383018,0.691094981861795,0.508713444743619,-0.779465196453897,7.01861410712896
-0.297225645076909,0.227874578366981,0.324242069203711,-1.36855812334275,-0.342230357794835,0.0884278353579512,0.173653639613625,-1.44215463786937,-0.294840416447258,-0.910096856457834,-2.48361371072056
-0.304452145023055,0.227874578366981,0.852891962302672,0.369530225693148,0.537286791705824,0.550291151213381,-0.645501654981105,0.0979777876942338,1.1656814599539,-0.374190816088647,7.79194158916503
-0.407734065323668,0.0133472974424116,-0.514938877476751,-0.387710419902673,0.623907953340662,-0.418998042228167,-0.354797233484519,-0.0368184381354596,0.0287118391806496,0.0258996597607719,-1.17639821338763
0.271039645422685,-0.209439977382337,0.852891962302672,0.310943592623728,0.00147106977216482,0.480554830026041,0.334720173921027,-1.17200073530118,0.415668337430294,-0.560696243382096,1.38753751824821
-0.839026308328418,-0.989636517899325,-0.228814360225801,0.478122685334991,-1.18962011829696,-1.28855934470696,-0.333916490750451,0.158335209987015,-0.900921637367651,-0.472704127637602,-6.0414348696175
-0.802581948344885,-2.78033091142636,-0.124506024666239,-1.03009531797256,-2.02037874723154,-1.63285700353108,-0.411009934184298,-1.37431334088861,-2.36632584863615,-1.93723355320986,-11.7687845756078
1.09409030351941,-0.0100775933563476,-0.652522354636728,-0.334983325080768,0.313038974634046,-0.0562647279270653,-0.293205999363548,-0.415274632098073,-0.393576768781097,-0.167530964483291,0.456013032875761
1.45259777019903,0.834529124010579,1.23898170713678,0.970535068533154,1.10747619294544,0.132895166418978,0.144217836995248,0.856940680773544,1.36884500099514,0.968177182351424,8.23613755117409
-0.603818320755892,1.37935660650607,0.927076930967362,0.105262106738601,0.061798110272331,0.250161145556859,0.383609759329507,0.298197390812131,0.263708565427159,0.965092404607648,4.47565031166783
-0.660717787446557,-0.268561361644492,0.679828472277057,-0.996097278908333,-0.0976655117209104,0.652741474777175,-0.534046053329733,-0.302758834941491,-0.666100779008141,-0.625636826373506,-1.63519080670236
-1.99635351800971,-0.0914651589925918,-0.228814360225801,-1.04592445672272,-0.487904022488069,-1.75333997807631,-1.39097554981693,-0.427604673214455,-0.115666557991873,-0.433329920703922,-6.57577109954205
1.10864734523311,0.521742375426179,0.891587388967386,0.786483734292932,0.900299202309888,0.41904466638759,0.326175353438482,0.882302832908089,1.99579597793753,-0.819649832121159,6.20738629345797
1.58706997667958,0.187071908335245,0.372286536369142,-0.672410404995465,1.60136098580659,0.4425509155516,0.7933464020821,1.13024744621544,1.54726734722879,1.64414060595461,9.74341657691803
1.13101492318415,-0.0270251145141897,1.56130770269902,0.401224230226631,0.105413197329841,0.449137952902478,1.05797327692591,0.160711972592247,-0.577600559358945,-0.533215393482803,4.61838133236596
0.0626010401197451,1.25634982385249,-0.40102756283105,-0.116136567683165,-0.261138185415993,-1.03787053774295,-0.895112147562335,0.275820209980042,0.311208281635881,0.545121356327764,-0.966483757006929
0.0621989059048494,-0.759941030976587,0.767332671229056,0.2164529923338,-0.267556897690026,0.223400101652529,-0.0798294302506181,0.45568514411876,0.108801076664744,0.0940207062263587,2.09999843969678
-0.198090497837212,-0.418658939290463,-0.8282225027069,-0.518616690255821,-1.08915310458321,-0.123591489817439,-0.105193349624489,-1.51733716999413,0.180784276962896,-2.25570281894521,-3.62594475595513
0.930573105949164,0.0117125620655136,-0.0205502164683311,-0.934051224704487,-0.437116455111539,-0.124547433767087,-0.888523832577244,-0.351516648903928,-0.665283884545784,-0.600219409606459,-2.54447665788376
-0.381597437363109,1.20745501852056,0.714919781566714,0.678056480418946,0.818034409301192,1.26567734169452,0.81199396468371,0.485197731185211,0.872143199254572,0.492859112385719,8.11991949758089
-0.441335904648032,0.0215075016315468,-0.654630303929103,-2.24421588854494,0.0747705955951534,-1.66007306295235,-1.79832181234126,-1.1715133657752,-1.16684893747646,-1.17928213918873,-10.3679317799437
-0.542754573380313,-1.1811238401906,0.534913097910369,0.730217660859151,0.79297477763173,0.734018054064256,-0.368310603520855,0.075279383968789,-0.292692462242603,0.184278340653119,0.155229362327864
1.30644787968896,0.142594325810978,1.41493368280781,0.074178814914281,0.105413197329841,0.848064341035385,1.07800369405466,1.24528005501454,1.64355237639311,1.23834928539198,6.89964747293149
-1.15796557689521,-1.98679717169399,-1.22188149173014,-1.35126920079777,-2.72408037948164,-2.35673994660069,-1.75432720665163,-1.37839951658806,-0.554906404127909,-2.19506180686667,-17.6016738447258
0.788662490798826,-0.308443517226361,-0.239764412211264,-1.02400656181026,0.757722627566193,1.51068640328449,-0.800566980691168,0.696659629967694,-0.694819258367064,-1.35415640689235,3.32094823876954
1.30223151476647,0.399129667901897,0.372286536369142,-0.0140308039210984,0.239139849711607,1.51986645885445,1.15585192767839,0.380586617037976,0.820254167569783,0.999309591366116,10.1319284644298
0.371105148158111,0.124969362364978,-0.533119941575455,-0.327103912673164,1.71834664739551,-0.881276332418154,-0.642716666423859,2.15702665600786,0.0208173051518147,1.41356499841092,4.47323543751516
-0.44480292343283,0.389012803976959,-0.842806494343896,-0.254044144202419,0.548467763004134,-0.352982789277261,0.173653639613625,0.65624259326208,-0.99479915473145,-0.0241973388984311,-0.165783553992351
-0.559893458536637,0.00730460225382927,0.183559484696962,0.760895964313681,-0.141978386671365,-1.35711952843284,0.507295741651918,0.0812671655437556,-0.193305356483687,-0.158655920054945,-0.0470723229141788
0.978065324255207,2.02467648124386,2.20137187077643,1.79341959487372,1.49411015525786,2.43993581195527,1.68859323847449,2.54025561524553,3.06146004272154,2.98411349459044,20.593729654909
-0.635572078572481,-0.773293955930051,-0.716686536734266,0.371879040727289,0.408461133180878,-0.874486264697444,-0.426450962588329,-1.09886543192945,-1.05569927094578,0.369514922487901,-3.85883839591811
0.0459185171099269,1.10015549211989,0.145226377557969,0.741965363403477,0.5161358683789,-0.0287276565358643,0.525322169310701,-0.0715084465297176,0.731533867993475,0.197395551791814,4.88717683656112
-0.563409235348605,-0.323908631577358,0.881247461865979,-0.0873818089713967,-0.613944478146413,0.628408254661047,0.371333381307809,0.561002134156596,0.0140078417845244,0.471821900960216,3.1384569732752
-0.602866643024093,0.602900457388851,-0.351421979329047,-0.938035405753853,-0.718978919956909,-0.639890669672856,-1.60729622459801,-1.47918643347924,-0.0605765980630746,-0.344401800167353,-4.34317464903027
-0.557364269266572,0.169465312225309,-0.723342023752281,0.281441868240611,0.555962325472729,-0.400301236160741,0.348812876322323,-0.564491412822518,0.73701676929507,-0.497615180989114,0.683611637762063
-1.65012818581592,-1.51462520044299,-1.72825400029924,-1.81541948570759,-2.28790717168652,0.201630512544806,-0.998901928022093,-2.28523772730614,-1.31981154660729,-1.21125086295651,-12.1799954404069
1.32859144131448,0.908458342991767,0.556301750253044,0.455584299472547,1.14269732737241,0.211457586472751,-0.194036268297278,1.45445618142501,-0.118778798750348,1.57109832785938,9.05926503682476
0.154078085736927,-0.122869761865305,-1.21432767543907,0.147423156761111,-1.13858100544234,0.0385059757045862,-0.290477479553124,-0.170445742802823,-0.793070921007934,0.177458080868035,-0.542208888317312
1.10864734523311,1.7970441599435,1.10908647081269,0.88434782096649,0.764644746813586,0.122124364383019,-0.78606466665315,0.380586617037976,0.445776389944535,1.24824371572258,7.17003161536559
0.157979496565113,0.773618302256097,1.12336022358464,-0.838547677823247,-0.365473487208045,0.551344242656816,-0.140955954674954,-0.239509951866955,1.27434488481885,1.0257626422795,2.39124010218626
0.101050351089262,-0.216075021070783,0.838139397963398,-0.31699731184265,-0.410370221398715,-1.64350944990565,-0.321975870349849,-0.347098152445423,-2.25057183853185,0.369514922487901,-2.71922769326745
1.07739224267576,-0.108661778452413,1.29263138138809,0.261916457439375,0.88146680195175,0.23516978002427,-0.0124321983786691,0.305942473141759,-0.642417306510543,1.20712598602515,5.04573916292957
0.283213859749447,-0.128229732913327,0.0155537225312755,-0.240526340278955,-0.610100132351053,0.297321900024122,0.820226227456108,0.130446195248342,-0.59448480929605,-0.780061764715217,0.456013032875761
1.10864734523311,0.282186184377906,0.231398135484174,-1.05444569429798,1.16348992395508,-1.08641554693187,0.729504136927946,0.0979777876942338,-0.858235628194666,-0.362752196355224,0.458539521104391
-1.26174880719019,0.354441226423849,0.343619433151227,-1.22828115403179,0.0431915669494496,-0.857718999832748,-0.32937843839305,-0.590744688798524,-0.0437092649042351,0.666629337735647,-2.54447665788376
2.86436922879013,2.85396614137315,1.88728449995004,1.20556013369601,1.07648705308964,1.36078237403225,1.74248477015108,1.15889631192999,0.752096906135634,2.837792731351,17.9983057754668
0.319395278435695,0.857553103641585,0.314213516018426,0.641926100852352,1.17817054324389,0.41502082680703,0.217737653932148,0.305942473141759,1.16421822350224,1.70507610044739,7.17003161536559
1.30223151476647,0.328664925897978,0.136524349901858,0.0232585527365712,0.433848002014602,2.7291262855312,-0.251556877068053,1.21303591164932,0.235558951384266,0.856426476808245,9.26119522262321
-0.701059271676906,-0.503472990396747,-0.0792116580113716,-0.566762369691179,-0.887947692463021,-1.28855934470696,-0.790936346370892,-1.66133191027654,-1.49445534326847,-0.615741233579188,-10.2929074853178
0.171554884416815,-0.102341233489777,0.576013640051441,0.561951401639,0.537286791705824,-0.319101120798319,-0.682175859192255,-0.960420468283106,0.786471102247019,1.14471488087197,2.69767076925676
-0.112672390103847,0.0156106642484875,-0.146525946996517,-0.870194933907994,0.373632539665043,-0.451268729566203,-0.677417795005197,-0.2021290695785,-0.412140501802672,0.461510206810325,-0.828476990501371
0.263249508095486,-0.524427974750642,-0.0750359642101837,-0.34185670466475,-0.497650278922602,-1.59218847988665,-0.955826929475348,-0.460223723145557,-1.32281325622557,-0.510597338497459,-5.89563545269913
-2.11245013345269,-0.60450670453552,0.0900583623510892,-1.22294103529278,-0.810446214836592,-0.215952627774388,-1.06941725656128,-0.758922256728603,-0.902809793748377,-0.646960157971013,-4.32420831611637
0.278048724187098,1.89988339823718,0.996681632861709,0.884493411489012,1.10747619294544,1.64475379595742,0.314353389415471,0.598407643301455,1.41657369284947,1.58830323149545,12.212146157268
-0.522064415906831,-0.586094586094327,-0.139658949673921,1.13648132738623,0.723957207109144,0.192086541991151,0.542047210016172,-0.960420468283106,-0.292692462242603,-1.35415640689235,-0.825032366108762
-0.647884729274606,-0.387660878130737,0.151512079108403,-1.15006332409666,-0.824577805975773,0.450527794781928,0.65147267938481,-1.18351465738655,0.946157313934789,-0.96274712360338,-2.04960079151959
0.980639193914281,2.02467648124386,2.20137187077643,2.24240476882905,2.09704683126285,2.19679833246037,1.60962865956351,0.809323875917638,0.752096906135634,1.77254332118557,16.8810718524795
-0.934249351141293,-0.303347909541182,-1.0295491782619,0.675246630289464,0.2185399013006,-0.760585957684606,1.09380007182525,-0.492356076233694,0.024011892236528,-1.35415640689235,-1.00240941999851
